100
100 21
95 80
90 95
38 90
91 80
48 95
28 95
9 28
78 28
6 91
34 95
82 6
40 91
35 40
32 48
10 80
36 35
47 91
31 28
24 90
18 38
100 36
62 35
5 28
98 5
19 28
59 6
89 9
22 6
92 28
16 32
54 92
76 22
75 78
4 38
72 4
37 100
8 31
67 76
55 38
65 95
99 35
15 37
42 48
13 4
69 95
7 82
63 9
74 18
51 65
64 98
60 6
26 98
50 37
86 19
43 4
17 50
30 31
41 30
1 75
20 37
12 32
45 59
57 30
11 75
46 20
68 74
96 35
93 35
87 48
2 64
3 40
70 1
27 57
84 60
39 80
58 42
44 40
81 28
77 81
79 87
97 1
14 74
66 95
71 82
94 79
52 100
29 94
33 34
49 46
21 72
56 1
73 98
25 43
23 33
88 35
53 97
83 12
61 43
85 51
