10000
82 272145
78 209927
20 220490
19 200657
53 77623
26 283773
95 68185
3 42050
22 241860
80 231298
75 268467
97 230234
82 191816
22 261325
10 245661
55 288503
60 241438
71 106851
21 101621
63 122858
71 126646
65 193998
11 126072
53 177377
55 148499
46 143895
24 202905
11 126187
77 319077
87 235084
71 107029
90 326645
43 162303
37 79296
8 84309
44 252439
14 187921
65 293811
85 313450
38 59770
45 273657
38 240086
18 179350
23 92502
97 159845
25 213785
15 208226
11 66761
55 148118
30 236096
79 261047
25 153146
84 323079
23 142451
92 177413
19 290419
28 34948
87 325099
18 220131
6 23770
89 175455
33 97888
81 81055
15 168316
89 265619
54 148540
24 222548
70 106007
31 276917
93 237189
10 225774
1 251145
47 144534
27 34285
18 179876
67 155083
73 78030
34 137413
13 97029
17 59547
4 82302
29 44843
24 163061
67 164625
96 178908
5 102993
14 38151
76 138910
13 227558
49 195568
64 232901
8 34442
12 46927
77 230126
98 60262
63 302141
33 217097
64 303198
43 102516
79 80436
63 272805
46 263672
17 28963
81 141869
89 95848
43 182099
23 151967
77 149575
82 301988
2 201627
26 133935
61 111053
84 103346
21 121799
28 65396
91 256678
51 266458
47 144658
67 73962
75 99133
19 169785
66 304375
44 232453
29 295675
31 56684
87 104087
25 73876
87 124192
91 106411
40 150434
17 158782
58 170130
89 145971
19 229990
59 260992
74 158533
53 47208
87 134237
83 312755
76 199295
45 242939
79 320584
86 243788
67 164605
94 67849
71 46607
91 306872
69 245409
82 181870
49 154979
53 107735
32 86784
65 233811
100 280889
80 120748
64 143317
16 88295
41 290949
50 95630
17 289165
15 58288
55 248561
97 300096
55 297944
47 284821
80 190780
85 293426
5 103595
82 131598
62 102419
4 12577
63 292223
51 116885
3 252702
78 199971
93 188190
26 134168
79 240376
52 277374
50 286001
34 278258
50 196476
20 291363
41 101671
51 255935
94 58515
25 183098
70 56305
55 58231
55 138100
38 129719
62 82573
31 225779
9 25577
58 119569
66 293702
44 202369
100 121636
61 221426
44 242445
18 149367
87 194179
55 178195
52 246807
87 294872
39 180746
38 89370
56 129052
91 126184
83 312951
81 91889
10 15497
25 52788
3 62655
100 321055
1 190947
91 186827
96 298608
49 285654
70 195544
75 128104
2 81263
62 251471
77 79051
25 132945
29 85173
68 125077
8 155273
92 177604
64 73396
30 155455
2 272287
26 73335
12 106439
10 256018
71 117016
92 137614
5 43710
66 84448
71 136703
27 273924
43 62267
12 256594
88 275718
48 285191
10 126024
92 77022
96 169253
85 204052
56 229146
20 50607
83 132996
2 191520
90 176030
3 91912
21 180909
73 128092
16 239167
71 266559
99 130294
54 167664
94 278365
28 155087
79 151097
99 130661
50 175469
77 319359
83 292303
82 52584
35 238688
32 156321
32 107390
52 236812
23 72566
5 43611
13 247758
40 80326
71 56308
60 161490
69 215016
26 104330
74 197847
52 77223
33 246788
4 252646
23 72896
94 117883
80 51357
17 169675
60 81110
93 327641
31 116588
15 148463
95 328614
90 95570
41 111714
49 175152
99 160686
7 74023
80 201093
22 71325
77 229702
52 187351
49 225341
2 242262
75 169107
19 280544
31 196858
27 184389
84 103654
38 40275
77 69514
34 27829
61 122035
88 325309
10 195637
4 192758
73 176974
27 74789
32 176677
16 28607
95 218608
88 295636
16 238598
21 121197
92 57530
34 58087
79 291040
79 310019
87 265009
75 319064
38 90447
33 97441
100 291232
4 152253
84 323233
51 186043
42 211525
58 129884
92 327336
83 182448
58 300302
77 239944
55 238679
37 279762
8 204604
93 57701
16 159077
16 258852
71 196801
67 304956
63 262913
97 79788
31 255829
24 282858
45 213585
43 122279
70 96585
4 62985
4 272571
57 309671
20 130394
10 125304
99 260787
95 278238
20 180422
42 141806
94 297971
52 266782
87 224582
77 189559
75 118295
71 246344
49 214886
46 273520
9 65756
97 129767
85 123686
54 267749
4 192193
35 178057
70 266616
79 300033
3 132314
32 266776
36 138820
48 115442
24 92977
56 128856
17 49431
29 295276
100 290831
20 290506
80 50726
93 107932
38 219482
97 229097
85 203790
64 122482
32 46362
46 73354
69 145558
24 42280
90 305636
27 154798
85 183524
58 160030
59 310898
49 95661
13 157201
18 279596
72 256510
79 200557
5 63239
22 221441
32 76491
4 192188
2 61128
44 192387
10 185337
17 119705
76 49528
93 147440
91 187200
37 258922
89 185829
27 294870
57 159657
51 206032
94 88107
73 127779
26 53643
27 114402
48 205513
98 160043
23 172387
65 273034
7 154266
35 297886
31 75864
88 204974
90 245888
82 121813
60 291523
97 179188
55 108515
43 102188
46 73562
61 261106
42 122084
1 191564
5 212977
85 53763
52 127454
78 299864
67 54561
16 218536
6 114187
53 186973
16 139179
25 103652
63 192106
5 13147
46 263742
52 306768
2 231664
10 76226
43 262133
97 300095
40 180496
13 277674
94 87814
3 192019
94 188224
57 240083
53 137365
80 121570
35 58021
86 184008
9 75655
21 240970
48 114795
2 122115
66 274426
91 166379
35 238146
23 292297
62 231943
54 188070
89 245886
75 188214
38 139317
27 174447
41 51120
10 16120
60 140812
7 124081
75 48275
83 143186
93 288135
35 128402
33 277459
2 201170
39 110691
24 63269
10 26093
19 270005
25 192784
72 66716
32 66544
24 122233
88 295450
9 45062
85 143127
59 200730
98 299859
63 162508
65 273464
46 123862
46 294436
67 234637
25 23260
69 215611
67 125063
1 11669
96 88920
82 91688
24 182261
32 26967
49 115062
71 246343
33 127197
87 114116
51 156786
17 38824
71 66008
59 280001
29 95495
25 42933
33 297683
54 87725
50 45616
76 209478
99 200451
71 287005
25 162825
53 227350
3 22323
96 89324
33 287772
55 198427
63 252399
26 43431
17 209206
32 246545
64 132978
69 176097
16 229049
90 306501
31 116863
12 277088
10 165742
26 53918
69 76134
33 246912
24 112633
80 301309
79 90185
27 54022
95 88894
79 190793
82 152676
13 26801
43 52736
80 260810
22 182057
84 313697
46 63805
26 183788
15 27754
51 96599
29 65804
86 104489
54 128407
100 271696
13 247802
72 57297
15 218491
67 313981
4 232809
80 321333
58 139998
53 77029
52 197034
30 85745
27 144880
69 165716
55 87961
34 147612
72 56735
82 82295
89 266162
100 251578
61 121633
53 298024
21 181610
77 209332
62 51652
58 59787
12 286771
15 48249
57 39493
35 128881
71 167153
33 247458
13 17086
87 284285
3 172184
13 117385
19 40147
9 214975
65 103022
86 234227
52 57049
95 138823
21 141289
55 288699
20 231179
34 67867
63 212962
21 271528
20 40213
51 196078
5 203336
1 171376
46 193960
53 268032
6 153407
16 208214
26 183258
17 239406
98 119640
71 76522
85 253613
88 105332
56 178950
34 157280
35 108025
71 56275
53 227539
28 135251
68 194747
73 238092
78 140452
43 92643
63 312700
9 235605
11 286392
71 56845
25 133722
7 214070
22 162126
33 287211
90 86299
79 90235
16 148718
79 300797
81 101344
30 225853
55 198213
51 306746
40 71169
9 275569
100 281229
72 186863
76 118684
64 93589
46 293725
95 298308
17 38909
82 81542
58 219670
61 261640
34 167767
48 185032
79 190367
75 218565
8 85180
31 95942
82 321904
38 169460
33 237544
22 202361
65 64063
92 96611
48 254717
14 178017
60 71396
90 316672
93 157630
73 57853
92 87195
80 271178
6 263900
3 241776
11 235906
30 116223
16 128820
9 115144
6 243766
70 86476
7 104595
49 215755
74 117624
13 87793
19 70521
32 227248
8 214617
41 91951
64 123031
68 45432
68 184720
74 138361
51 36788
77 279921
64 173375
36 149330
22 102150
97 319949
69 264987
64 163385
85 323285
55 267944
69 55400
83 72518
44 92659
53 228037
66 193658
56 158919
8 124953
19 179933
11 76647
42 172046
69 145717
26 174120
31 256041
16 88754
63 173095
27 114823
36 179108
14 247203
26 104180
72 216861
17 199868
78 140081
43 112583
22 32019
57 199854
20 160844
47 304052
17 119770
1 71482
28 85061
75 118623
85 193565
92 316722
1 240951
31 276954
45 213269
1 211284
35 128236
39 49969
98 79978
17 98902
49 285575
68 315351
74 258195
27 154547
77 209551
4 32120
57 148958
89 275333
5 103248
93 257730
22 112309
76 229283
8 105050
29 235429
22 81371
49 145749
10 45451
72 57205
8 64574
9 215612
55 218857
24 53264
98 60587
28 204876
27 114384
96 68782
19 250573
8 144701
40 131062
70 305768
43 272684
24 82421
48 34582
58 169417
45 233476
66 193534
83 252366
75 228591
99 80716
57 79140
97 309290
27 164205
36 288380
99 321075
48 115061
59 250951
44 193419
29 145521
34 78229
4 103110
57 149591
90 176238
29 195831
80 210774
33 67777
82 222324
39 280488
35 298617
11 286507
28 285095
13 157208
55 268013
65 233570
25 163439
60 51246
46 73337
72 136858
32 266403
59 140960
86 254279
100 160876
45 53081
100 121296
95 158892
40 220623
72 207542
71 216311
14 37282
57 158938
15 248588
82 281738
14 117675
34 37727
38 250398
4 272936
89 306042
78 180181
1 241587
31 96398
86 164400
73 128075
76 269158
9 75042
56 238665
46 153376
60 250441
5 272666
50 85824
66 74270
15 118797
89 316240
95 188166
14 148094
95 188674
12 276573
92 296916
1 121519
78 209955
39 30627
78 260233
3 181963
35 78121
92 137342
49 135893
22 131508
8 205337
64 152560
21 271827
71 116259
93 117748
63 132826
12 287344
96 159234
30 75742
26 193275
91 256467
28 174359
14 287846
38 299590
27 244708
77 119390
18 19332
66 63738
7 123720
51 166319
14 197572
82 201769
34 178232
60 51128
98 150252
56 88993
22 91881
85 74174
17 129082
63 182411
46 244386
59 289950
51 216060
69 245186
88 254964
27 24677
32 77006
36 228912
94 137674
34 157654
33 157717
27 263848
85 223936
62 111555
97 109468
46 284120
90 96172
31 86817
40 231365
65 114073
17 19063
88 304875
59 260150
4 112712
91 217075
51 126144
26 63619
56 298552
59 250193
15 188199
96 139378
91 56335
21 140827
86 243992
33 57152
58 209757
95 68983
95 328116
8 84937
44 242436
95 118354
15 277973
26 193364
91 306739
15 288136
71 206232
96 198871
28 25013
35 198675
5 163306
45 273260
38 169993
38 150150
45 142965
62 41750
21 281711
40 181095
19 110609
46 283864
64 212620
90 196435
74 228404
67 285121
51 205897
13 207647
10 235556
12 37134
28 134556
90 326513
90 125705
92 217154
70 105883
38 120088
97 219992
71 306652
86 224504
53 257007
50 66343
64 313205
30 295516
5 273177
55 137899
25 163686
60 301563
5 223131
13 46992
51 95886
18 130111
70 225673
89 75809
85 254020
59 90909
39 30197
76 238605
14 277600
78 180388
73 307077
69 85449
45 253979
20 70609
30 36354
69 95927
40 280368
48 74559
51 226225
12 176767
68 174578
40 201120
79 80542
57 179832
49 246040
19 29915
73 177748
11 266284
48 185478
90 246217
80 201587
95 169217
98 200105
37 219493
5 273439
97 79880
91 326986
31 216416
28 155161
17 19398
39 70269
60 81563
95 248317
66 133937
37 289852
15 268516
7 63857
66 173486
34 107914
85 103756
97 229647
64 233371
38 150341
50 145805
33 287763
88 225212
35 267845
59 40449
66 313510
47 134318
3 71966
6 124220
43 302696
6 153769
87 274179
99 291211
99 210939
62 42573
88 155184
47 74875
13 37582
21 51112
51 86955
89 235131
27 114422
98 199974
25 152847
95 329081
39 70105
12 287073
5 103718
76 109633
100 160797
21 141701
66 104541
79 220563
18 180219
28 264924
70 245646
44 73414
23 172457
40 81056
44 293141
92 187469
83 253076
69 85534
46 294270
36 58937
31 206224
60 191402
54 217814
84 103085
38 259647
33 107794
52 277346
72 76762
38 260086
91 147250
96 209059
45 283259
46 64107
1 70856
27 254332
35 268947
33 137239
25 133745
99 320490
64 312528
24 143195
67 114627
75 118184
52 126895
17 108978
78 170417
99 260756
16 88870
81 321151
56 69161
63 252981
75 158166
82 281968
48 84937
18 19522
16 68975
93 97312
37 118983
67 194775
100 321780
34 297503
69 235582
88 65543
75 299042
38 229963
78 319933
20 140670
59 190539
40 110859
68 114547
2 241385
17 179338
58 250176
57 309112
44 52822
86 164554
40 180759
35 238010
53 197633
45 242926
67 204758
4 32367
37 268958
100 91291
75 68235
68 85259
1 281349
69 125180
66 184450
9 15441
65 163889
20 50945
54 127990
30 126379
18 239775
96 129440
10 235567
96 219139
73 317309
55 298783
44 302792
54 277492
3 242512
51 196415
64 302578
43 182329
31 196791
80 291323
100 231705
98 149941
29 55323
69 146028
53 37411
68 65389
56 148515
76 309107
8 144996
59 310681
52 236879
20 290423
32 216910
58 69703
59 250381
72 107390
20 270478
61 90916
55 288548
46 74206
32 247049
6 193394
68 265478
69 314984
13 116837
53 217271
72 306828
56 308518
51 37010
55 208197
92 267371
41 241157
40 270843
11 26637
84 53558
65 313091
24 62398
95 188112
71 246066
98 140379
77 289472
58 140383
71 277141
24 143118
74 68337
24 63113
46 243824
14 218360
65 283099
55 98199
26 43930
64 113208
42 62026
61 71962
74 107856
39 220250
56 48941
8 15125
51 196420
17 98794
17 219761
77 89934
55 79020
24 222650
74 178651
30 76329
78 199635
41 291161
12 106647
70 95873
58 269871
40 70665
2 241392
85 293638
20 130959
10 76270
96 289296
25 53107
72 247622
33 207499
82 142327
94 318283
42 251761
57 239188
48 185512
31 86008
23 271770
100 211533
26 73848
41 281138
24 143099
53 237916
44 203493
17 69823
3 81717
47 214606
1 61297
72 137054
34 48355
71 46920
67 165017
99 310095
69 305560
61 51165
80 210950
55 138762
89 195555
36 209381
31 156535
88 285095
78 280528
82 222522
38 219533
82 71831
86 134250
75 268131
76 129442
16 79225
10 55940
50 45637
89 175266
80 141516
22 151657
36 279091
22 272198
16 89104
85 174158
7 24481
91 126524
69 145087
89 145968
39 280454
91 257160
56 129419
6 23641
19 69903
53 57786
93 117845
92 177041
3 32507
7 213897
26 23760
30 245897
29 184825
35 78301
57 200084
26 173757
62 131730
14 268208
54 187952
71 157053
20 160453
32 107047
5 233754
10 215573
42 232017
54 127877
17 279623
30 96098
18 50091
8 224151
28 175229
48 284381
34 138109
37 38989
13 167858
16 168864
3 42124
85 73189
6 273283
72 97117
29 84809
40 290703
34 57370
48 264889
43 292594
53 197623
55 278200
70 135747
4 33114
25 192935
50 106046
91 246587
27 144065
45 132923
59 110322
9 195508
94 107787
76 169656
56 58477
46 203853
79 60269
4 112282
47 284341
12 236364
60 241086
37 119428
100 281445
57 168971
19 79717
70 215865
35 277973
96 129635
72 287419
83 172296
43 52865
69 155383
26 113324
35 268296
23 252832
27 114185
51 96039
27 143903
63 242297
48 264512
9 105040
31 225759
16 48774
13 77479
69 55639
74 48106
65 53536
94 167923
26 83285
88 215694
56 199248
83 52217
3 222090
50 226115
97 159926
78 80644
23 291824
13 177384
58 120181
61 61167
56 299436
54 247872
40 81469
65 264063
39 120945
10 85716
32 156551
84 172758
99 100299
54 188463
69 216029
45 244007
27 203771
90 65770
67 163936
21 201424
71 296678
5 143049
35 128305
73 287863
59 40095
59 90771
58 80420
11 26235
8 214151
10 95193
60 211083
86 234473
44 32621
14 178092
5 283440
30 75986
30 296388
81 121696
89 175718
3 202612
32 186556
81 132142
40 60720
78 279896
8 54679
100 251288
44 153317
68 185191
48 204719
78 190359
43 232334
73 147144
11 155864
58 240342
61 71532
98 70634
95 238499
1 251147
62 141995
85 283871
66 183853
39 200593
73 57535
27 263956
91 156197
84 233516
77 69498
90 225857
36 259305
78 60639
88 55705
65 183531
29 95656
78 310596
85 173351
90 276126
51 66382
77 129848
34 227819
87 164049
56 209012
96 69611
79 260962
45 252919
10 226136
31 156270
50 96185
3 51872
34 187450
14 138061
94 68707
65 153298
61 82095
7 23742
96 78977
99 110379
22 62096
29 265418
99 270457
53 177177
4 202481
13 136672
87 164172
57 109062
60 90839
67 264851
40 271391
75 58752
17 118913
72 196469
23 191946
9 284713
10 175925
23 142076
49 245320
39 30202
67 75072
7 204015
73 138146
66 44404
1 171528
82 291539
66 53433
50 125565
57 59447
78 289740
50 136116
31 186185
41 241726
38 250392
84 122752
21 181081
23 141915
9 225655
44 42393
70 215811
67 94291
56 219418
2 51784
42 121573
75 298709
79 60016
7 64662
47 164399
15 98144
67 74702
100 311540
52 196837
90 206669
94 138069
86 74713
92 97666
45 273987
52 66462
17 289852
72 236520
75 288694
69 76098
62 141814
71 76169
56 218838
26 33771
37 28892
60 251185
14 117351
74 288156
31 206455
7 224648
92 316576
56 49472
94 168674
25 53663
74 308669
79 150103
77 209419
83 112888
73 287645
10 135952
72 317155
99 290619
51 246983
12 96699
90 66621
29 125597
99 120502
91 176168
33 216947
19 80763
4 222634
43 252898
92 297631
7 34039
42 32041
66 43979
44 173481
57 219145
24 252837
26 223646
65 142995
58 80088
25 193266
62 102014
89 76142
17 139276
36 218792
21 151589
17 259058
37 279946
72 246744
36 39255
72 116899
12 267258
22 212251
54 57539
12 217259
67 254772
74 238430
65 183012
22 261894
95 98742
53 77670
88 145190
71 246091
38 169852
34 168067
10 85232
72 187577
23 232189
51 196992
31 156107
26 63692
7 143774
60 41268
60 241182
35 247832
72 286781
82 161773
69 56139
95 88075
17 29512
86 133974
2 201845
70 236290
16 58828
92 257319
31 286279
82 72359
100 60737
94 308516
25 143718
92 197519
7 84432
81 121815
98 320669
29 45224
76 179300
35 88833
63 192621
78 139625
41 191225
92 147201
8 175027
76 169082
63 232611
86 173929
92 157081
48 54780
96 268618
35 258116
60 231286
5 112691
82 192528
55 48121
33 217896
99 251288
65 283323
80 161638
15 248645
67 54434
33 217851
77 128993
16 248593
76 238719
96 198806
6 103301
2 152129
12 36455
38 190304
77 190077
67 144076
75 88796
59 140358
5 183282
12 257034
64 222672
84 173131
19 110879
4 102697
30 285637
33 97801
21 260836
22 271746
69 155748
84 243522
97 79384
36 189244
27 104493
36 119035
98 59808
67 314569
76 279438
51 146701
26 293390
68 184533
59 110288
89 315131
96 79393
83 243124
7 134791
44 112589
32 296410
79 110783
42 291940
2 111558
74 128377
84 213009
49 265036
16 88226
4 192553
57 229482
91 127198
95 129242
69 125596
13 197625
26 124371
91 177200
63 242985
28 95009
64 232477
95 88137
8 234811
93 208182
98 209829
56 298449
87 75200
71 267140
58 229994
8 194354
73 48029
44 122461
9 55108
43 281895
84 282625
83 252306
85 93768
7 34613
51 226549
70 126179
21 290819
89 105269
54 67957
25 262985
61 301624
93 257659
61 240986
21 251397
100 131639
86 134268
92 67527
22 131591
82 232335
48 175199
95 138941
41 251896
59 80938
69 145056
44 213484
14 197317
46 94174
53 117263
58 150287
50 135357
91 196713
17 128844
94 298729
64 52628
28 124671
28 214424
59 50402
24 152585
44 42680
6 173880
98 329750
25 252776
99 300772
36 98873
13 277500
20 170614
90 166196
72 226480
98 320463
74 208293
81 191020
26 74067
60 171230
85 293550
52 107534
22 141580
79 120746
85 83389
30 55704
94 138722
10 246296
96 178978
56 229309
68 245237
52 146795
15 127771
56 278628
77 109423
18 89603
24 213399
7 254460
61 231917
7 284408
51 146812
32 137220
22 202249
2 191135
46 63382
9 135213
80 131338
76 168805
80 91663
8 14869
3 142419
12 217116
44 162771
58 99426
91 176272
33 76977
74 98251
71 66227
76 188918
7 104284
51 66814
46 243417
26 203688
65 63214
29 275843
100 181226
67 193959
17 279752
66 194440
53 96994
2 221427
5 183257
11 225916
14 97950
60 110876
15 278006
10 225763
1 241758
50 296403
97 259643
58 189861
24 213355
64 193149
91 116106
32 207191
51 35954
47 53877
88 65136
61 291240
33 247812
83 182439
40 241471
48 154989
57 309688
2 171650
46 253835
72 247416
84 163237
46 233866
74 248190
14 77839
58 299800
28 45412
21 261349
1 240640
35 257854
36 279140
15 48602
94 327572
78 179994
92 176723
9 245005
31 255819
64 122870
99 181259
92 136945
100 251376
61 241008
69 145673
70 185649
87 265184
42 181701
24 163335
55 177880
39 180445
41 261065
26 74224
52 57297
20 100412
69 105836
49 305100
59 60791
99 280385
58 200424
78 319571
22 191850
83 302965
96 69175
69 86023
59 190903
58 89657
78 300445
41 211267
4 73157
64 192730
21 191746
30 185589
72 106489
20 161096
100 311740
32 296547
51 276268
21 141145
42 251432
91 106617
48 205458
13 127728
93 77789
14 108285
19 49833
100 111692
40 230929
66 83794
94 77827
30 25772
23 222803
87 105191
97 59781
42 192190
41 101010
88 105472
45 143450
57 190063
92 187637
7 234538
55 68223
61 71705
47 174468
49 305937
36 148871
72 177374
67 284008
11 66071
62 232231
71 256072
36 58515
64 243170
77 179984
19 120379
55 138839
40 280852
69 95084
43 301845
83 272960
32 37419
47 154599
8 65001
88 155566
48 185508
9 15748
4 43058
30 206010
48 104433
76 159062
9 195540
73 267536
86 254675
58 259402
66 134125
85 313756
74 278018
59 100213
1 81529
54 187460
92 286908
87 294138
18 289791
6 73260
86 153926
1 71258
94 297716
68 214498
66 154133
8 134365
92 227609
16 169280
74 268296
25 213842
92 297270
39 260598
28 254526
56 78779
22 81646
54 147949
91 226621
97 99124
49 185431
56 298914
2 121967
65 123810
75 88654
88 205569
97 209530
4 172524
84 193610
57 239742
84 183567
82 112417
83 122685
23 272033
13 47033
28 144303
35 207965
3 72353
28 204748
93 317840
34 237825
51 236470
45 43148
42 221937
26 264158
71 136652
88 165471
79 170258
78 320270
53 127213
39 250975
90 196716
51 86475
99 260632
21 80755
51 186782
83 52401
82 191730
89 155874
69 154963
89 235683
8 44919
86 54117
72 227465
80 271360
33 86786
85 133277
45 293909
42 71610
24 162580
47 74204
7 74820
93 207289
94 158100
64 282627
99 310434
74 228667
70 185965
35 117968
24 263235
80 251624
8 225210
90 306137
51 196978
92 116572
46 293661
92 176626
77 319940
84 172610
14 157224
80 221581
15 267780
96 108772
64 82474
14 17659
8 184331
31 195950
20 160851
84 253017
70 296514
72 116594
21 191638
34 158363
20 170201
5 62701
60 180743
47 223850
54 147394
19 30785
23 92422
18 119278
26 183812
51 46916
41 241691
49 125098
45 213339
24 22765
96 259392
83 302823
90 306241
36 269255
90 186139
7 163985
2 211634
65 183485
55 217912
80 141068
75 238384
92 187392
75 268956
70 85821
90 136303
75 218956
48 175418
20 290493
59 60196
76 118982
46 214045
72 267072
72 57057
59 270152
74 88214
20 40729
97 100109
89 285730
23 272160
32 46414
29 244783
6 33160
36 178886
70 125468
61 101905
35 108383
82 312022
30 46007
85 163367
58 269482
80 320800
64 72643
58 159881
81 312118
1 11234
67 174938
21 41282
82 141770
21 191240
13 167834
93 287989
50 155999
70 46637
18 30227
56 149417
10 175731
62 181535
95 179213
68 125108
25 22870
25 63666
71 236980
64 132644
86 254477
79 230067
7 244708
32 276368
30 56156
12 116893
15 38804
76 298640
42 172482
90 295645
8 244279
33 167878
26 104019
44 143329
50 126374
60 310852
62 161460
33 197456
29 135357
34 277781
87 304116
69 105562
57 79452
32 157052
30 25563
70 175999
65 233474
70 66305
88 294995
88 195383
15 107920
52 247340
34 147472
78 160683
87 254390
4 122410
21 161312
81 312099
93 217860
50 86533
14 107361
21 150764
6 283338
36 239035
80 301112
24 62487
81 151234
80 230944
12 36492
92 296956
52 47346
87 214153
10 285834
72 286863
91 196176
57 289553
100 71490
26 254407
53 277656
57 289050
17 209625
84 143646
21 61833
27 274160
72 46556
96 248728
56 49091
3 172433
44 242946
84 232975
35 28887
22 101454
85 193605
18 119262
12 47273
72 276874
93 317892
53 47952
54 257696
3 222401
52 237028
35 88621
18 210330
91 167138
91 287097
1 180758
64 213185
27 124113
19 240348
69 76083
67 144192
55 168371
37 89821
100 141514
58 80573
28 175185
58 120415
52 127529
61 101519
32 246527
78 249866
25 263506
21 281652
10 115716
43 141860
94 208675
54 208506
69 135690
34 47428
59 40674
40 150548
92 127745
20 210964
71 266131
44 32731
74 287928
79 230084
47 193920
73 67628
75 58920
17 98823
31 206428
75 318122
100 270729
76 149502
91 236417
90 185765
3 162485
60 91389
56 109409
7 284040
98 70314
64 173025
45 212858
56 218390
74 127954
34 78258
70 196025
44 242460
35 148225
74 158639
74 318150
22 82304
63 113010
65 273658
96 138770
50 95986
15 118714
62 211996
18 90328
15 228651
33 257662
24 132490
13 127478
90 76505
41 61159
30 66096
68 314521
18 150239
90 276162
94 68175
29 285115
37 68913
57 199922
77 120129
35 258326
94 247704
74 278537
37 149602
27 54849
17 99309
86 223643
5 13563
16 168840
79 81047
99 60882
77 158987
44 302779
56 69172
41 231901
41 221412
55 38308
76 69406
60 41387
8 65190
13 76784
74 47935
41 291785
38 229734
29 265301
23 242748
27 133920
17 208765
26 74029
95 288509
86 194705
79 120301
64 122657
15 258415
96 299143
60 290784
64 313529
59 41091
31 206115
70 306534
39 80047
30 235327
90 105950
88 214990
32 226601
73 147119
22 221500
51 156995
18 29689
95 98958
11 56004
5 163360
92 117475
69 65534
28 55069
21 291394
5 272723
56 38897
34 227907
40 40831
80 270799
73 87164
56 208907
29 55729
66 173702
75 198082
40 300330
73 57916
28 265340
81 131792
66 83775
84 173421
94 167737
87 84312
71 316698
49 165121
82 101923
94 88428
13 87812
56 118829
52 297249
90 85809
23 202785
96 108808
3 72611
11 266277
14 117290
99 240245
97 119870
90 316361
85 323604
53 237219
11 15875
94 188628
20 221317
39 190581
95 89258
22 252215
19 59765
13 207587
44 222708
37 199940
58 100337
35 228304
60 240880
25 53267
92 66663
17 79196
18 179244
63 112834
34 167637
36 108374
10 266335
77 130152
91 136661
35 98779
69 65175
26 54188
63 242512
22 242340
40 130615
88 275169
44 232649
100 230767
32 56816
68 155469
68 245480
67 254192
97 229568
89 235476
59 310304
10 75290
90 315658
26 293375
56 188953
42 191547
98 240475
61 200975
88 265036
76 218596
36 209193
50 175607
35 218050
4 22121
68 44720
25 213336
89 235860
92 66887
88 134576
24 243177
94 137667
90 176606
37 109197
100 91339
74 238535
85 313896
95 138944
87 144666
82 311532
63 183065
76 278754
59 220527
22 181368
59 210848
82 182129
48 164620
16 248958
70 266294
54 187734
82 101964
58 129458
43 91990
36 58962
49 115561
88 195197
5 152782
70 45952
62 171981
19 150007
16 59283
60 130960
39 190220
23 242741
49 235715
61 50927
80 261049
4 172738
97 190040
40 301077
12 126446
14 107584
26 64115
59 200284
39 150488
85 134205
55 287920
97 169744
48 194852
66 183672
59 299911
72 116621
41 271429
49 245799
3 62813
53 47564
3 122034
14 237842
6 73206
78 150007
95 328717
9 45608
53 36969
23 252139
80 51244
63 171934
48 84717
8 14393
76 48816
96 99727
46 73797
37 269152
33 167111
45 113868
90 225598
99 131020
60 200955
46 193620
78 270455
23 142569
43 182353
24 93284
37 169271
22 232091
63 51974
91 316622
6 153957
15 57931
60 151183
11 186853
84 133025
26 74269
75 228239
73 117342
62 112385
32 216751
83 82659
61 171948
38 219353
77 189188
17 269074
57 189103
19 90197
71 256507
61 111325
97 169919
19 60642
60 271475
61 91322
73 318156
15 258260
11 76225
14 118279
78 119885
80 251138
1 11617
15 238661
22 141346
98 200497
17 278814
49 115970
36 208847
84 202655
13 127791
11 266538
94 118360
69 285482
8 84795
56 168923
97 240116
74 77755
48 244649
95 298515
23 262405
9 255412
64 143138
56 198531
67 114974
96 179174
19 60807
17 249523
60 70920
72 207194
59 139961
23 241903
94 58010
5 23247
46 244444
34 297314
31 36156
99 300803
19 180388
63 122422
49 204849
71 306323
73 188022
10 236090
25 283299
75 178667
78 220481
54 108371
33 47320
82 292663
55 208939
44 62387
34 118177
83 52026
86 264568
61 212050
52 196792
86 164069
33 257140
16 288880
14 57217
65 284074
6 223896
67 144253
80 281564
91 97177
92 206718
23 62902
86 163831
36 288672
8 274414
74 137922
41 171635
87 124065
35 88584
51 66742
23 52224
78 250127
87 215146
87 84761
54 228362
12 26405
20 120822
15 87863
87 115051
47 34420
17 18687
24 143148
52 57222
8 34619
58 300313
22 201970
18 230053
66 94264
98 190062
14 147234
64 93543
16 128804
6 163457
22 171600
77 239279
97 119978
4 212636
39 240696
91 56861
100 321656
86 154689
94 318139
90 85935
11 166320
61 71603
18 170297
80 90630
7 93927
79 310766
97 219571
9 95015
52 257523
54 87540
89 185664
42 302257
44 113041
15 158085
48 44347
46 274326
27 184566
87 64661
39 270426
28 255011
40 131153
18 269206
75 128294
37 109899
69 235551
54 77961
33 217476
31 166025
29 295942
69 235087
57 199029
45 233590
13 267430
58 159831
40 261170
90 165968
19 170481
60 210867
74 137788
78 190231
80 271188
16 88286
55 178719
74 208561
41 281404
15 147915
59 210182
5 263160
4 42138
59 210008
40 80812
27 254501
57 159008
98 210697
69 295717
19 260516
64 163242
94 107903
75 208527
68 94715
42 302001
75 138618
87 264339
70 276083
16 119289
40 211313
39 220852
49 115687
25 172875
45 102956
82 301860
41 161913
84 193094
37 58811
7 114390
95 218645
100 161543
70 66100
80 190672
80 170563
84 102691
65 253195
36 78462
50 215798
13 107499
41 91224
37 39101
31 176868
25 23213
99 240480
21 141074
68 84719
46 53867
37 289358
92 136733
77 89985
41 101795
62 241491
41 221912
68 255605
40 150927
7 243685
17 269029
66 104288
90 105952
90 135980
77 319980
65 43380
34 178361
79 280541
33 197863
32 216680
29 65363
90 116015
50 165363
19 189698
41 301875
43 72789
58 189878
3 252046
42 251840
46 44124
43 182227
85 294149
36 249057
3 91626
28 185370
62 312364
94 317660
16 288689
43 42442
78 259803
56 218589
67 224029
28 254280
31 156431
100 281666
66 274589
1 261683
96 158930
45 162836
85 293988
57 50071
19 270712
84 63220
37 209522
17 199796
97 200025
96 109711
11 95873
42 241769
3 41700
5 203217
31 156301
4 92319
59 181001
1 241567
8 14941
38 29330
8 25103
57 188971
17 189556
39 40043
17 189353
13 17285
85 233946
99 190653
75 158106
7 264209
72 306569
48 145255
33 227910
65 293825
76 68606
24 172670
27 274667
40 290910
57 229189
23 22821
49 266009
21 141153
63 62201
74 108369
16 69334
72 56488
97 209155
21 91173
63 122898
5 263792
40 240812
68 174774
63 222900
88 264675
46 163895
58 179909
19 160369
25 33688
43 292276
92 167365
87 145208
95 58266
7 234498
53 57487
17 68825
75 268044
42 191942
24 42429
16 69290
38 269485
11 236718
9 145169
83 272123
78 260408
6 53758
87 135037
22 191621
18 30269
32 76499
63 282011
19 269742
7 154598
43 152543
61 211539
7 34610
17 289432
21 31039
86 244134
37 259979
74 97985
90 215851
35 128567
77 249077
89 205053
29 55859
83 303085
17 69574
43 162298
74 287629
83 292873
62 282159
52 226491
23 182271
35 178425
42 92145
64 83208
1 131439
37 28982
29 24976
92 217573
13 97611
80 81472
38 39342
38 259780
44 153151
97 269209
18 209898
84 153516
35 288440
94 288652
33 247387
86 164410
20 60916
11 255734
69 85796
23 112071
13 196770
38 260112
66 303432
54 38395
1 30767
39 120401
38 250301
100 310911
56 288973
57 129259
84 203009
24 252843
58 149685
45 73859
15 178240
26 113811
59 100561
8 64182
57 50064
33 37406
57 119338
73 147751
7 14519
50 45909
32 257298
89 155941
40 31023
14 227192
23 32909
96 238734
99 310695
19 50044
51 86245
61 191204
40 121453
95 248443
93 157453
69 285163
34 148273
40 250341
20 210579
67 135041
35 248155
98 200580
45 113089
13 177762
9 64744
88 294946
100 131265
49 205227
80 271176
25 92993
28 145079
25 293209
73 127724
45 142968
55 107977
81 131464
72 76907
67 64829
8 254323
68 305331
63 312974
36 148969
80 280960
53 157588
36 99282
19 280172
40 40358
8 15162
89 295168
77 79841
52 116363
94 248598
52 117429
92 316842
17 38708
92 157139
52 137387
15 118440
28 255112
96 319478
3 202760
18 270323
76 89398
67 264852
86 323729
19 60192
89 175580
39 280787
9 95323
70 296246
38 229594
80 90664
17 159071
52 267551
72 127521
78 280076
16 49064
62 192308
1 240836
13 97393
47 94884
46 43798
54 177900
82 232006
79 210834
65 293889
13 257389
25 163547
57 298938
68 84612
88 75708
37 59751
61 51429
15 208102
44 183039
82 131647
79 220641
87 205108
14 267671
50 96211
61 51079
73 257132
17 109782
18 59885
50 155537
40 190304
90 156140
65 173649
52 236683
18 19975
62 172488
66 44097
97 129772
32 137033
74 178607
75 238600
8 104317
70 246081
30 75445
66 113644
56 118518
88 104900
95 88695
95 58728
82 242112
96 149556
43 222522
83 143004
59 269940
73 317983
71 46971
21 60958
88 255722
98 70729
89 315367
21 101183
100 300971
36 159186
38 269947
69 285201
98 119884
12 266459
85 143981
58 249599
82 142379
44 173100
55 88897
99 140390
71 96536
23 252521
65 143599
96 138909
15 88732
90 106493
31 256783
33 187119
18 149230
49 235058
79 100721
66 224609
90 265629
35 288791
10 56091
90 256408
42 192400
57 289272
15 198206
17 218990
78 200353
82 322301
52 116452
2 211452
69 255370
3 82083
34 117719
50 66076
67 314835
7 173945
2 122164
9 225121
8 184701
73 137623
95 159218
98 80105
15 198395
88 155580
35 238017
39 250492
28 225392
42 161998
76 299604
41 81959
20 130406
14 188217
91 96635
92 176778
89 225726
35 228336
7 264233
59 40372
32 206705
84 192945
32 46882
99 140133
30 215965
52 246369
43 82967
38 59859
91 227080
5 233012
97 229231
50 45428
21 101629
46 243469
35 158146
57 79331
43 92261
22 91727
37 129270
48 155060
9 94698
34 37737
27 134818
13 167619
46 243396
81 221473
32 106838
5 133638
81 311218
77 79387
3 202581
59 310698
25 183330
62 142002
11 286021
52 46692
69 185941
14 197437
6 13345
8 155171
36 29128
51 255967
46 114126
42 92119
9 75218
61 201822
45 62876
38 89914
96 329125
38 210324
87 224262
48 144848
42 291463
3 231913
54 57561
5 213024
60 81348
63 152115
45 153668
76 138848
68 255362
60 110813
94 318068
59 310864
69 145127
2 282307
16 89171
89 55800
30 35839
25 163795
77 229871
86 64235
65 123742
76 319270
91 176233
53 286999
79 121097
70 216295
40 111424
63 262141
63 62252
46 213665
19 110666
7 274219
70 45688
62 272162
56 59197
57 140003
81 321330
2 201930
49 165551
33 267366
33 26858
92 87159
47 83837
85 213589
4 173124
16 158195
37 178953
68 195439
45 82912
90 226185
16 249179
68 105562
44 82530
13 87313
23 212157
64 253379
52 57052
28 74582
41 111312
32 196834
67 154765
63 302552
63 302692
89 135536
11 155993
72 107323
31 246816
88 244893
64 242445
87 75035
66 54383
19 270523
5 282852
94 88345
82 142478
70 285582
1 221192
25 263114
70 216137
87 194077
22 201876
38 279408
31 46454
60 281111
70 95695
18 39876
60 121097
75 228422
77 269151
80 240961
90 86098
88 174548
38 250344
1 91116
26 93429
58 50175
16 218526
20 221309
20 21106
66 173632
85 173561
66 263920
18 189316
59 121020
2 281430
60 180978
52 186376
17 198885
28 135232
30 75896
95 288879
65 283890
8 134306
83 322448
15 98257
39 70912
100 261181
58 149693
72 127595
93 137964
93 187991
13 147543
50 46289
34 227455
69 305622
15 188560
50 106243
32 266283
66 54408
27 153762
24 232528
18 140175
43 222471
58 300348
86 183946
38 269993
11 266243
55 288704
16 249264
60 151053
96 139232
80 201116
70 145556
12 177133
66 104002
41 121312
13 247788
24 72738
99 210324
95 298238
48 134550
56 68752
31 106625
75 188913
86 54190
35 258859
83 132991
86 113614
42 291606
98 229617
74 97669
12 156408
100 100785
48 225321
93 78042
97 69222
16 289145
37 248846
72 227042
73 237588
60 310458
32 37383
16 138192
3 102584
25 173385
98 249758
74 148167
42 111462
77 99244
16 108410
55 298931
56 278559
88 175324
44 232736
52 56552
43 211985
25 133264
62 111525
6 173490
65 203276
65 263632
96 249778
98 309881
84 122727
100 291260
12 257276
85 233973
51 197022
52 56658
78 110316
48 135270
31 256384
28 24430
5 53713
67 74403
57 269992
74 188372
69 55412
44 253245
82 82170
25 213405
64 133001
97 309337
94 147936
56 198555
74 298139
100 61633
80 61055
97 139497
58 129895
63 232970
38 79934
43 102630
97 279133
55 308461
33 126945
75 298006
35 287972
38 99316
21 241067
26 134304
6 114142
98 329871
30 255454
70 146605
97 179571
24 192264
40 180565
27 224119
8 64196
17 79382
86 173684
63 252926
18 280183
24 192383
46 63753
41 261552
85 203325
50 246285
50 105514
97 89850
19 219988
34 98100
48 115027
60 51495
18 190308
40 200840
53 67665
51 266775
4 93209
24 82590
64 292994
40 261308
38 79966
67 203953
32 36941
53 237873
61 121840
91 96260
99 210184
12 157108
68 315274
12 137002
18 290060
12 276783
47 144923
52 76561
33 167808
77 239780
20 291130
16 238313
62 172134
80 140877
69 295864
75 78081
90 206115
56 278954
68 304874
81 301798
83 152528
12 176439
75 129075
76 128745
40 301394
8 244566
39 40213
59 80336
3 102681
99 70219
62 202246
25 43289
94 138570
80 241117
57 258899
67 124256
82 71841
64 162744
86 84391
14 118128
51 116484
68 164763
28 294433
88 104808
64 293246
43 182094
40 290304
81 151335
7 184108
63 112004
47 284868
87 104184
59 130247
14 148322
97 219161
95 248427
94 128077
31 116231
63 222864
84 153214
21 241738
8 35043
59 90747
66 314240
59 250435
7 224503
96 309159
96 99495
95 128928
54 208281
84 103268
29 55783
5 282835
41 291140
28 225262
17 89347
64 302488
81 141868
15 248469
68 175311
97 239321
61 291292
66 303612
34 138118
43 271989
90 305653
93 257576
22 271927
96 269135
87 134286
71 166859
56 218829
47 84571
67 205046
13 227750
75 218997
31 215923
89 175103
29 195428
92 247150
89 95652
22 72243
11 256392
55 209011
34 107443
61 91693
87 194465
66 174283
18 39628
20 81082
76 238809
69 105898
19 239974
52 97550
9 45118
5 13247
95 128088
22 262406
32 247212
97 210000
70 125723
47 124189
14 127887
32 116585
49 115067
41 251077
5 252678
44 43184
70 225565
36 188428
40 151370
11 25965
14 77624
77 239265
4 232718
40 120909
72 206519
5 273769
99 310703
88 234892
53 147893
59 280708
91 197185
52 177135
79 81077
14 147434
72 96518
12 127175
100 310909
6 283478
2 71715
13 187107
89 235599
56 228658
5 272640
39 180884
21 151782
34 77456
61 191629
81 121374
38 70435
4 142428
40 151477
12 117243
36 198700
43 52569
98 200320
75 189086
95 78572
72 166570
45 202832
40 130974
80 111222
93 277107
57 69715
58 270393
50 95522
87 314265
92 196690
38 60206
83 252241
59 310309
79 290183
16 88496
46 193362
56 309026
2 52100
32 206625
43 82667
21 21756
6 43502
59 220051
28 114322
57 99295
59 90737
100 331393
62 71943
17 99558
32 97202
7 114668
69 105721
45 63480
10 245310
51 76518
9 284821
20 231103
10 156065
86 124335
38 139423
15 57750
60 210809
43 132317
50 215971
8 124156
26 114392
21 131462
51 246120
70 76278
17 219595
79 310423
37 49729
22 112109
3 212537
28 155018
31 196954
53 147634
21 181103
32 26927
87 84395
61 161267
21 61552
6 43265
42 111555
13 146897
35 88840
43 201895
93 257070
21 131897
77 130166
24 33136
94 247775
26 104189
27 104603
86 174459
5 103701
46 253351
59 40528
82 122584
36 69092
93 107384
46 184460
56 199192
83 272894
49 45703
74 68276
35 87796
11 256209
87 54618
4 262330
58 140081
21 211374
29 45446
82 161825
22 131641
5 143267
78 200422
33 257455
66 253968
37 189949
79 110554
15 98310
64 302739
36 158444
25 253182
31 296503
13 16865
89 185512
36 199281
6 224050
20 61007
18 29531
93 177288
16 269359
83 143137
7 283776
77 89366
26 63426
41 121562
48 225431
52 46978
99 110227
47 154987
76 288731
65 173814
74 98483
84 222750
73 207488
22 61382
26 44054
23 172612
57 178957
64 282708
75 208132
94 127936
49 115766
1 121583
30 125902
62 141927
6 73350
87 294995
57 219386
91 257245
70 55819
1 220934
60 251320
85 243266
86 54101
37 169277
86 144505
59 210422
79 90073
38 69638
54 127907
77 159646
44 272399
67 284686
19 140371
34 177633
77 119150
4 222377
95 248697
99 311236
22 51697
89 246151
64 253469
18 69683
45 253473
60 120905
64 153581
81 191658
34 208191
74 248607
6 183404
55 98626
57 60052
55 78693
60 271592
18 120093
17 159127
75 168755
74 98550
20 160928
5 32935
39 110244
24 143213
3 161685
82 91566
81 81859
65 183161
21 31529
48 265077
32 296867
32 107145
24 103076
21 61506
21 21441
48 45159
59 200752
1 121236
3 172701
69 306136
39 300206
9 54673
66 73494
65 294099
30 256031
15 228192
14 167552
47 254371
11 265973
39 260450
35 128173
8 234977
87 164235
85 323223
92 137449
48 44449
84 62841
89 225468
40 261299
54 298261
54 58208
95 68160
83 92696
26 174238
77 219550
43 281848
61 50971
12 136325
80 101625
12 126405
64 83508
88 135104
38 129421
45 202829
87 104333
22 181562
34 287466
66 234358
76 79343
40 240628
53 277261
34 187689
78 199640
60 241192
59 280470
77 229736
3 131908
94 187867
10 65292
10 155788
26 294166
73 287047
33 77425
53 127671
38 90473
29 75582
8 234156
77 230086
34 147427
49 84925
88 115079
64 52921
88 295007
71 246484
43 122733
88 215660
5 52877
31 205924
69 64976
36 198302
54 38445
90 286433
37 169008
59 90258
39 40115
44 192431
83 302732
7 283694
53 258058
34 258091
46 173734
9 285443
66 264038
92 327433
57 189247
51 226809
22 221916
5 213726
59 70061
15 258506
16 278238
94 218271
36 209017
14 268056
2 281967
20 51378
95 178936
98 229654
48 274581
53 127504
33 127310
100 190600
13 177349
1 21251
90 276288
72 126679
41 191650
31 85817
17 149000
35 58674
25 43501
100 71640
56 98707
39 200825
59 300683
69 206030
78 59554
10 15935
51 135956
48 265342
70 255557
7 163851
90 105560
30 245557
25 93458
73 67639
89 165532
67 304871
48 145493
51 126147
4 192352
38 279651
49 215517
5 213369
100 210917
98 270134
97 270083
39 60836
51 196894
46 243376
37 209025
19 30612
93 177706
46 73523
46 263813
59 100055
84 163248
21 91761
2 141629
63 261970
59 270351
68 265404
22 271941
81 291068
76 78828
96 238628
64 292445
96 218986
84 262722
16 288868
10 155539
91 206121
8 84742
18 279822
33 87044
80 270614
24 253210
68 274716
54 217514
62 252030
21 100943
3 182301
48 34566
76 119030
8 34714
50 266405
70 276633
89 306153
42 92405
4 103170
2 92038
4 73230
37 29222
92 77021
6 284023
57 189534
26 23358
26 134409
28 265022
87 274157
11 65957
69 285718
52 266720
7 224567
82 311917
34 98330
8 65333
85 133771
22 291651
88 124930
23 201996
16 98376
15 108775
26 193262
40 180975
100 191521
77 189600
86 63738
24 142358
17 39068
84 153628
85 203948
56 68634
69 235742
42 131337
28 284591
28 105183
83 252232
72 97515
10 245814
47 74049
52 177105
89 255912
47 144908
40 270473
41 101816
10 215368
92 177597
81 131889
99 331033
44 42610
17 219792
89 55474
33 207258
92 326942
64 52916
50 115398
44 42959
67 284069
74 247983
34 197935
44 303406
51 125968
71 136874
70 176614
55 298247
55 238102
86 243648
73 317333
23 32339
19 89983
21 91846
46 224429
38 280181
3 112002
31 105909
48 154962
38 239497
57 159214
93 278102
34 227740
43 272859
44 83045
46 194074
85 273698
36 38723
10 165951
30 215865
24 213185
44 102906
33 227094
37 299005
50 76334
66 54205
1 171487
48 265262
51 56748
83 62881
47 183869
39 290182
71 47091
27 54461
8 204946
11 65667
93 138091
71 266823
34 67542
67 55072
63 312903
91 296704
28 214978
37 219865
57 279163
47 184467
96 139042
63 113039
55 197971
61 221092
10 15296
93 177265
89 145332
93 258204
29 215335
47 34036
29 205685
14 207192
52 167203
38 300416
89 305577
2 211840
64 173229
30 175908
22 101896
60 180562
89 146122
33 277937
28 144320
57 79156
2 121240
27 133834
8 204358
70 116359
29 175458
45 213748
16 278251
67 105102
2 251289
72 187591
82 182012
65 183769
78 280012
46 183890
34 157769
21 211378
56 228558
10 216092
50 305915
50 166277
61 271410
11 236350
53 217489
82 292046
84 272765
39 190134
92 257400
94 278675
34 187665
20 191223
84 133284
1 10640
4 113013
47 194372
57 89887
4 183308
71 146344
52 126394
10 125411
12 36326
22 152077
54 87932
35 58265
89 325703
47 174584
88 125389
75 228661
90 245560
94 138568
10 235594
26 23496
5 92675
79 90761
40 101466
23 231726
90 96084
74 67904
90 66616
26 224111
82 222269
90 325678
71 47047
71 67066
8 174272
84 303192
79 220251
66 153976
89 145322
5 243199
77 169383
3 232576
8 275130
88 255606
62 42436
32 216779
33 57253
15 118017
11 156119
13 267284
60 151399
36 258828
81 81368
51 276990
84 203669
90 76449
25 222762
91 156056
66 103831
42 41883
9 135556
81 211220
56 48977
9 265077
98 99729
7 194207
97 69274
12 116879
56 279415
25 143904
99 60953
82 62540
90 55798
95 88965
5 63392
76 269610
47 204457
99 270743
90 196220
8 54589
17 119195
86 183972
71 246100
31 265784
71 306675
64 53272
89 315692
79 230490
50 86284
19 80583
95 238751
39 169903
57 129304
15 58429
27 193992
24 203092
49 245611
72 197225
26 73894
52 146767
9 184920
54 128302
99 331068
35 78857
55 248301
93 128235
97 229784
38 210387
16 19001
90 76489
86 274501
40 260845
69 266057
10 285408
57 239430
80 50894
5 123819
70 85605
19 159952
58 40167
39 250894
98 300496
94 87942
36 248919
63 62446
11 166284
66 174105
2 182001
25 283398
68 44800
72 236466
78 230029
41 101156
99 70910
31 46786
65 153213
38 279394
22 152102
29 145002
52 306551
75 248599
34 127334
46 94491
78 70405
92 277724
60 200887
85 313960
50 56526
19 229698
1 11802
28 55244
42 262094
26 133715
28 184303
11 25966
68 264825
8 215099
37 229600
28 124708
78 240293
35 107788
57 199803
87 294640
11 266824
66 44384
41 40973
5 223106
86 63601
46 193484
42 251337
95 238931
29 215290
8 35240
93 307561
11 176202
54 298169
91 176586
71 136171
85 83489
71 256085
5 102873
31 166647
63 51931
92 127294
68 164577
98 139723
76 139025
27 214917
21 70955
64 143498
5 152872
98 189754
34 97452
80 271354
36 158642
73 117457
41 61461
58 130451
76 89053
46 293508
94 208394
50 115635
43 52581
14 248275
75 138907
47 64809
32 126636
2 11356
32 57393
96 228817
36 118728
65 74016
25 213448
20 60350
80 51232
41 121077
53 287013
8 164682
97 309445
13 147054
21 241596
100 230830
66 53635
59 240858
99 321200
14 137479
47 54045
44 162636
5 283380
81 261550
79 120784
96 219425
20 131232
16 199193
97 259577
90 206395
92 246583
26 73385
37 268869
57 119460
64 83251
87 314069
71 166614
49 95036
59 90178
44 62551
60 230768
84 62919
82 82577
10 155329
100 261799
19 140723
6 173830
45 53280
38 300010
97 249462
75 258811
81 271336
35 207979
59 80411
81 91029
47 194718
53 227665
75 238176
30 206159
29 225207
16 239305
47 274361
49 255992
63 72129
39 250160
15 108718
24 53072
60 241026
71 176423
90 66240
8 144710
33 177188
7 283707
1 31329
10 85170
20 201341
33 177286
49 225201
6 173819
21 41183
19 59913
55 128890
93 277476
18 249591
39 80081
73 227994
39 270553
36 219085
85 314163
8 34839
93 277726
30 245917
84 183428
76 89045
69 285800
41 191229
52 36618
59 160497
15 138118
92 276786
16 19222
17 59121
81 211477
49 115344
93 288067
36 68782
93 267200
100 301267
29 265341
21 151558
58 159896
82 272035
90 165974
88 305172
59 160604
37 279601
79 110893
64 162741
22 71964
4 92512
53 226956
49 65151
24 132279
77 129691
39 60697
84 253276
90 116194
39 129837
54 128372
5 143104
57 79570
78 99805
53 117800
10 136048
51 256644
49 65599
93 187113
32 66999
50 45376
31 146289
17 88962
60 300410
21 251474
7 274434
5 243812
4 162324
93 287740
24 182411
92 167510
98 149608
73 117295
51 136009
50 126254
9 244797
27 214436
68 295350
21 80875
16 228667
42 302301
46 144276
81 311693
62 112298
4 53042
10 275331
1 231772
72 77072
23 62082
76 88635
43 232971
28 54670
60 130520
25 123801
85 223480
50 256221
75 238324
81 291479
73 277565
92 236810
17 49425
74 217927
31 186286
64 132757
65 304069
51 266578
48 165530
33 197165
42 101776
89 215916
74 178106
31 276349
52 197514
61 261464
68 84991
10 26252
6 283275
57 248966
91 206975
77 110013
60 251471
72 156751
68 115068
73 107342
90 95947
2 242153
11 126442
95 108780
92 266622
17 78820
90 135911
95 159258
3 232570
6 43746
64 173177
48 215378
28 284335
1 231294
7 104687
97 269435
8 214753
85 213572
75 248796
15 78016
65 73341
22 201789
16 208891
2 242170
92 57535
29 205399
95 279183
1 31521
51 126278
60 91127
50 216352
10 95751
77 49842
47 64228
82 241644
26 93905
97 130193
25 243098
97 269791
35 208937
31 216131
91 127027
71 196602
31 266133
44 93388
85 63957
4 182809
12 27353
38 99469
55 148651
15 188071
71 186620
77 259897
87 324176
1 201668
38 289316
54 287929
17 69067
71 146647
62 172499
67 194539
75 79049
87 134958
59 250058
72 197547
65 173959
73 88150
6 104153
33 266824
80 231066
3 282528
17 248724
47 64945
17 188725
54 68281
65 283574
33 287629
41 81900
17 89170
11 96511
96 249244
5 203035
43 92722
87 124905
75 128641
62 42340
37 39131
67 315048
96 269131
37 129764
65 63527
43 52231
67 74614
72 86619
22 61449
69 55908
31 46374
65 123205
63 202119
39 220599
15 88012
56 168908
22 51299
65 293771
56 268952
100 250661
8 284385
95 238235
50 125906
83 112118
2 22027
83 262904
21 270824
54 137530
6 284181
94 88365
45 113203
12 97224
50 106381
81 311506
84 73356
5 263586
5 283075
15 88586
41 31756
90 85888
55 168910
48 144823
34 67660
15 258845
76 49370
44 202903
15 117878
67 104455
52 67111
63 72611
5 143695
27 34588
58 250143
79 130087
92 286869
30 115830
9 225416
85 103765
28 74445
99 131103
65 63519
51 126648
29 285402
80 91140
26 74339
96 158854
92 56901
16 28711
92 236854
17 29881
4 272355
27 64886
74 147938
21 241716
28 234682
12 196762
21 181593
70 245622
79 240351
40 171464
21 171297
35 218536
54 38134
67 214573
86 83884
56 118713
8 275138
74 48563
20 251205
28 275320
54 57841
8 154833
34 157658
54 298330
70 65692
15 18861
21 111052
20 80572
41 60904
42 291385
96 58928
75 178818
56 138902
95 268141
99 170664
66 164435
20 160313
97 109976
46 144502
97 89837
26 153849
79 190623
38 59945
49 114864
83 62093
72 206576
29 104769
68 124532
62 222149
41 201983
54 127523
10 226041
16 189166
78 190547
55 148948
4 112284
70 216159
31 166490
93 97066
19 149880
19 160042
10 225665
25 53652
54 58492
84 193386
22 131375
93 317727
4 242441
79 230082
4 182748
65 153695
99 250528
50 276472
97 309825
44 172966
70 216597
28 255270
14 28199
37 209919
22 181280
21 90821
77 289404
91 276615
68 285234
77 69526
92 326787
6 73356
19 39833
10 75536
31 255876
31 216352
64 203311
43 162300
57 69847
82 241961
66 293604
84 253334
69 66095
46 114490
17 288696
13 177534
96 69708
41 141162
62 172306
26 223475
15 187986
74 157912
39 30298
65 212937
16 208987
31 26746
50 45376
94 237578
53 67242
15 208428
72 246496
79 50840
92 177381
17 69602
19 229759
8 214151
36 59230
40 111010
86 164545
48 295230
44 192631
35 268279
34 277311
42 72138
41 81036
55 288866
1 10904
43 92800
83 62183
82 152025
4 62616
91 296537
55 187983
93 77458
99 110136
76 268737
88 165208
6 163838
49 265335
5 222683
89 106125
93 267255
75 309076
57 59980
38 189633
40 301040
95 258773
94 167651
41 91789
96 288901
62 142079
73 177375
70 196011
35 28756
21 51018
87 55114
15 98037
52 136724
2 111283
40 281408
33 27684
54 178195
7 124379
20 270986
50 145402
30 135680
90 65978
3 42202
85 154062
34 168309
90 66711
44 63512
47 64762
31 116775
68 65309
58 209883
1 31238
77 99051
3 122360
67 184999
74 278325
53 57584
69 205122
18 29907
69 295589
51 296108
35 118427
68 85032
80 101332
16 128515
4 132993
47 184901
90 66589
20 190253
67 114569
36 178495
89 315348
55 58884
48 55433
87 65210
19 70732
47 64600
7 264776
29 155161
57 309647
11 106812
12 196809
80 300597
35 58856
55 288135
83 142525
79 270281
74 297553
7 53705
27 284892
8 174782
40 231445
75 178483
23 242815
77 220135
96 208733
8 274925
73 197245
92 137190
42 161677
23 102059
95 318146
45 143016
72 67290
85 293834
16 78686
60 271252
13 167799
96 319221
94 278459
63 292348
97 99417
45 63336
43 52368
46 204239
69 206060
23 71882
53 127279
12 56467
14 157927
99 110687
16 39093
45 173037
79 230795
96 149479
63 202488
14 137996
32 27441
58 79914
96 199119
25 183027
83 323044
73 307152
4 32988
60 251442
70 255776
39 110480
23 221813
5 203111
16 239319
34 187958
92 206962
85 153830
84 83693
72 57505
26 283559
19 290080
6 203968
32 136534
43 52693
37 149105
44 132834
4 92849
43 92075
54 138329
18 199690
26 183549
63 192114
25 23044
3 51820
73 137980
5 262934
32 116308
96 279052
47 104195
28 224543
77 270015
52 196683
59 180157
76 69238
40 70586
11 116663
83 182076
46 33403
67 264252
100 160757
69 75340
50 55890
87 124283
71 286359
90 146084
14 187549
72 267430
6 113855
74 267645
46 253713
91 116115
31 106575
22 72296
15 198760
29 95630
10 285484
87 94218
63 52567
20 240601
92 217524
62 161785
47 83961
37 199630
5 283767
12 26733
19 179984
43 52048
24 62504
93 187155
23 191773
43 32213
56 299346
80 150597
63 302920
65 254012
42 32195
94 218285
58 150341
73 127092
20 280898
66 143457
13 157141
64 272876
16 99141
25 62806
9 275525
87 224792
85 103874
48 154399
95 228533
37 149388
93 137881
25 73309
100 71037
75 288733
34 178403
64 83277
50 276087
37 128813
91 226121
51 246556
83 162672
48 165073
41 101460
64 183384
44 192899
15 108131
3 11919
7 273775
46 113523
30 115872
93 297972
55 258272
76 169021
22 152234
50 205805
52 176808
31 196666
63 152821
16 48302
10 175534
17 179375
94 218213
6 73738
81 311415
45 213883
26 93823
75 69111
24 163111
92 316744
31 216890
43 252537
29 64869
7 284418
23 62212
87 84544
31 275876
9 235235
31 76379
68 214687
78 159525
47 264204
12 167257
40 60621
61 41973
95 129251
89 265100
63 193107
35 258108
39 210044
47 234520
76 138715
22 21678
52 266800
9 24967
49 175079
82 152229
45 123315
94 168738
81 221007
86 173767
32 86451
64 42531
80 291512
75 98045
88 295520
24 263124
75 298234
74 287474
95 109185
7 54572
41 181319
38 279866
87 74444
39 200759
19 49786
48 155534
55 177935
56 249375
50 55636
33 217783
50 296489
33 117567
13 176877
9 25259
41 51452
40 260988
75 289033
8 94148
64 152467
49 195406
41 301753
94 208355
94 67602
66 303621
36 138822
93 307420
85 84058
60 270699
4 43316
55 58474
5 143746
92 217038
9 25145
95 98853
28 154626
17 228804
33 27951
52 156515
66 214239
78 49827
58 199893
37 29748
58 249564
59 140886
28 234418
14 288101
89 305910
6 283844
93 137645
90 315996
100 311010
41 131324
32 127256
98 319975
48 265444
4 32767
51 66194
42 141951
74 188583
77 49392
87 224471
68 195406
8 174402
35 268360
28 144708
13 237250
74 87671
21 241664
20 230586
53 197676
46 174309
15 78568
72 297043
8 44572
44 172936
9 245772
65 63893
91 186890
92 67717
89 286056
29 55833
91 196889
41 91805
54 47687
100 181689
14 157326
24 182383
32 296872
27 64204
91 256785
28 35320
83 303096
6 13348
7 243864
48 105271
51 106184
45 103059
16 188774
11 286799
10 26064
66 194001
4 282522
48 85289
22 221875
72 167647
86 93677
17 99062
38 150444
73 167892
89 275180
80 321352
44 142835
96 109661
86 83583
49 115882
41 290869
55 248617
52 46943
89 235376
78 180562
75 88486
93 118057
7 244633
74 258598
44 92966
28 64755
63 52306
23 272111
3 61961
56 118593
73 78110
46 173870
82 132570
97 219143
86 203637
77 89315
38 89334
88 195099
91 106142
48 94720
79 180921
86 224352
1 141133
54 117713
52 187150
59 290395
19 190460
92 276829
36 258653
13 87829
21 270731
18 90158
96 219185
58 230317
22 21322
15 88324
35 78473
66 184115
52 57528
63 42072
46 263984
12 127192
16 48209
75 188583
13 187342
76 248758
27 203975
63 112422
36 218526
83 252664
28 204441
6 63247
67 275028
40 31065
39 160448
6 163170
20 200453
75 248328
95 229126
95 128935
35 248348
28 185357
95 188374
5 163400
14 67710
50 75545
66 284590
16 288182
35 168488
3 31863
68 55164
41 131910
24 263144
61 111383
40 140954
39 89867
93 57260
3 131985
74 198135
90 106163
75 288561
8 224986
81 151424
74 97835
94 187617
2 252036
56 269576
62 51945
30 135838
13 77758
49 184866
97 329426
37 179674
60 101114
78 110228
73 47918
28 54480
90 295687
64 213131
5 32718
98 109847
60 101536
57 179213
64 283110
52 197400
53 227533
65 133694
40 151388
86 134474
95 188478
60 311174
61 171416
42 221756
68 265523
28 75058
86 193800
16 58389
30 95290
7 14001
14 57825
36 289182
73 78064
65 63475
62 152238
36 139244
87 114579
3 131930
9 65340
80 321551
95 218334
83 322558
51 126593
73 217175
68 315209
88 235387
12 246502
87 184616
82 122373
71 177127
87 114294
96 269094
29 105861
95 178432
84 313689
100 141280
44 52333
96 128862
90 55735
14 117912
88 125573
60 91194
33 167096
88 275370
9 255501
68 105096
83 83011
94 308650
85 253268
26 74187
100 101186
71 96134
18 229574
52 166393
57 179434
84 163587
24 223221
6 164186
56 68706
57 119058
34 67454
70 306027
93 248140
75 248625
61 42022
60 250666
14 267239
86 104248
46 113596
59 310245
27 44236
35 58970
32 86302
68 304572
8 65232
8 145192
54 278534
41 291071
89 215768
20 81251
81 311905
22 281238
61 261872
84 163257
1 151145
58 190487
16 119015
1 30886
78 239640
87 104281
1 121540
40 191139
28 35376
98 270102
64 183184
1 61582
70 226157
44 253263
66 223734
55 189056
34 87800
13 47340
62 61771
32 67412
19 240057
33 147315
83 132252
45 133902
25 103861
44 122724
52 107343
97 299799
84 123387
60 220594
75 289145
23 192061
94 118706
65 233740
55 298125
23 242272
86 143726
32 286518
67 174775
80 251672
39 169949
74 218149
16 18470
15 48074
45 233253
20 40437
17 79380
47 165020
44 32636
35 238924
91 306359
29 294818
16 139114
47 304249
6 33682
20 150714
62 241705
47 164423
8 254175
80 90595
5 103128
1 100711
8 284366
65 313802
32 47189
53 257024
11 155945
63 72434
69 225614
25 173056
79 260689
37 89204
78 259619
68 104917
33 167960
94 297784
76 288831
36 209294
100 261035
96 219204
30 135798
79 140205
32 116837
55 228256
16 158231
89 116032
60 211006
59 40982
41 101275
81 111868
64 182437
66 313711
62 141811
50 166210
75 229007
48 195179
32 186823
27 34824
32 257457
55 208543
45 213818
12 156745
77 159260
68 225490
7 44167
18 50090
63 122032
43 302801
42 172462
69 45642
8 215014
7 124447
15 148506
85 263472
3 142511
14 107376
12 147292
2 142018
66 254453
41 51560
56 229419
5 232883
9 115718
8 15259
6 74236
96 219192
34 227596
15 38244
10 126064
47 183889
3 202724
20 280677
6 84282
16 279081
55 238996
80 251588
84 283201
52 267513
59 140524
30 255884
31 246053
97 209835
57 260020
43 252592
18 120358
10 196069
18 179236
36 58697
2 191507
71 66733
1 241199
90 255556
23 132898
86 294132
89 165520
63 82478
48 114409
84 283255
87 95110
9 155276
42 161936
14 267724
25 113663
11 36564
40 161322
77 179548
46 143983
46 33768
38 299441
25 42825
76 149165
66 114034
57 239517
6 123832
80 70524
11 16755
100 61375
27 224088
99 311258
9 105809
15 267794
38 230306
83 72860
79 80173
88 215505
61 171663
3 72226
100 151713
92 136688
26 93637
94 177641
97 269268
2 41671
93 257159
35 288360
40 120682
66 243720
100 281292
48 95083
57 49142
25 213893
4 282757
38 149618
10 35524
15 108588
85 203608
70 246475
86 54239
89 116036
46 34264
65 123550
83 183211
4 52659
84 73573
87 254307
61 51453
20 130616
4 263139
30 115661
95 88824
65 123772
39 169871
67 274014
49 55565
46 104130
45 103150
9 205447
15 248505
20 60409
60 180677
18 239208
21 221322
8 154292
70 246427
56 219202
66 243867
81 311696
70 245988
24 152315
62 302379
78 230436
20 201026
17 99519
45 163549
88 305396
7 23964
63 151991
55 168406
73 67108
21 70894
62 301715
24 203230
16 239301
88 235141
22 211385
21 201397
93 297430
90 105753
76 258930
24 83058
93 127096
50 255521
94 317784
86 224559
42 92392
52 237338
78 309942
41 151138
25 93598
70 135865
13 247214
97 89774
86 184266
78 300497
56 219575
88 275403
58 89869
47 124045
77 159709
19 239799
20 100296
46 64030
54 267862
70 206629
26 264254
30 25507
32 206761
89 155152
35 88555
58 190252
27 224530
58 179672
7 134670
89 145116
40 240879
24 282878
81 181242
5 113055
100 211608
22 61490
90 266727
43 272748
90 235963
57 100022
96 189180
84 153554
90 95813
66 134584
35 128103
75 288491
11 65774
80 170574
70 226102
66 173784
22 191796
67 243987
76 88881
65 293100
23 201916
55 58298
89 275098
64 312505
1 21724
91 216372
97 139745
2 12234
39 280340
88 144616
61 161880
68 254460
20 220961
53 177465
67 284755
89 295924
82 61931
32 26451
50 215618
25 132768
16 248599
43 172923
35 257850
28 144501
51 296136
79 280422
14 117607
22 21698
17 179843
75 268184
59 309932
24 82445
73 207167
68 224721
74 68516
15 48005
44 92738
26 294365
59 230328
6 124307
60 50727
49 285718
92 157718
86 233559
6 184312
41 171755
94 268320
17 199861
61 221265
73 237880
46 73461
16 159000
48 185379
90 166532
13 56746
20 50731
74 127867
80 210676
33 127112
5 83776
83 302686
45 183734
9 184872
53 147091
68 54838
82 211723
28 84823
58 200182
7 63985
62 292531
63 212782
5 33148
16 258776
10 135338
35 248918
56 259541
89 125346
25 173763
29 85678
85 193524
24 203352
31 26619
80 121634
3 122005
99 280817
34 237732
88 155711
73 318060
38 199657
26 213934
96 289677
39 240131
49 135078
44 53050
93 157182
51 105894
45 33594
96 199270
34 187641
7 74341
57 289684
93 328001
30 125781
10 35903
63 262272
21 110711
70 316025
67 174057
7 224285
9 45434
43 112718
11 256227
27 184433
86 314384
74 107709
24 173249
37 269229
48 144629
12 206682
56 219061
87 134806
63 282051
23 252860
24 72879
34 248151
78 69779
2 282218
70 296405
87 135083
61 241387
12 97346
58 220481
65 103367
97 319434
63 302446
52 297097
23 191998
74 68007
39 280191
4 263287
24 253139
10 176021
35 78913
28 125390
64 293357
93 237347
100 191602
20 30494
33 257807
25 202835
17 259528
19 219829
94 317955
34 238102
99 81264
21 31509
41 291069
69 165329
89 85452
4 182269
57 39974
14 117733
10 216131
18 109300
84 133171
53 286905
82 252646
94 97719
57 119906
83 173006
73 67407
72 266914
47 54385
37 79454
66 104341
83 242054
20 91053
68 255379
20 110342
80 100577
21 201061
4 152241
13 197159
78 250486
100 161266
48 64607
69 195045
82 111611
17 109256
80 70591
17 178879
74 78094
74 48190
44 162684
45 163702
12 147239
55 228108
22 91300
76 268928
42 252224
72 47126
70 266515
28 245430
93 107611
14 87256
23 182613
27 144402
88 325050
92 176572
47 104860
54 127715
47 153894
64 42658
37 249648
84 312742
11 136056
37 109019
68 164813
18 40205
67 65116
91 147182
48 65370
43 71867
93 217245
98 289806
68 215376
4 132989
75 199092
5 112676
83 112239
63 102722
28 35364
58 299866
28 284771
95 308095
49 185797
83 302779
72 56546
77 289540
54 117732
35 218489
58 39541
74 178291
10 226141
48 115458
67 114829
64 252588
35 28895
4 232781
31 95758
34 27712
3 61764
30 105597
36 188430
30 86313
27 194165
28 164997
3 282050
49 34995
42 172433
55 298164
47 194563
63 252304
64 192762
99 240495
26 263555
6 14328
31 206739
50 275497
65 84051
26 94370
47 214231
53 266895
100 331356
52 186741
66 203944
25 243813
7 264819
13 236676
22 252335
95 58421
40 260591
51 126670
87 75097
33 227504
90 316304
53 307438
12 16917
29 45065
22 121581
16 49333
78 60352
70 155560
90 135591
80 140890
55 58709
25 253771
62 51539
6 13764
78 70388
74 258384
30 276059
8 245253
94 128287
56 99148
72 137388
42 112081
39 259959
14 277812
9 195012
14 207576
59 70360
86 284539
77 199103
72 47370
17 159714
94 297871
44 143128
35 28519
84 202741
87 134698
32 96363
25 83717
37 98914
48 155382
76 228841
7 73877
62 242609
13 27760
65 313165
74 157480
59 170601
3 111644
81 281392
70 136432
66 44459
38 149743
97 330106
91 117204
37 139923
2 41491
8 274616
60 251524
94 228552
42 211347
6 34277
13 116713
18 130208
12 36978
21 181385
75 218042
51 96947
45 213374
25 222761
36 198784
1 80916
38 140248
100 301673
86 314466
13 207121
86 304039
3 272604
52 256511
67 164238
96 218727
25 213135
55 208541
61 141702
40 230941
87 175124
47 34747
45 153717
53 127594
86 164269
30 195791
16 58934
62 92309
10 35706
59 59950
91 257249
67 185038
2 191340
4 42138
33 217310
13 27487
8 25206
72 306573
36 28733
11 125666
99 200748
54 177455
30 35891
27 94068
65 174061
97 179216
45 42831
94 258213
99 220546
79 170102
22 211709
47 193946
14 257879
62 81415
59 159946
77 70059
95 238299
68 275580
87 204468
52 47177
62 312432
92 127361
4 132200
27 284807
46 113394
52 306398
15 58393
70 276233
63 52420
89 106189
82 321969
15 158834
72 236782
11 125732
77 200182
55 97943
52 296652
24 152225
97 179095
99 220664
80 210542
29 185049
45 173775
53 97568
21 111448
83 202493
48 85286
18 239586
12 286451
21 151021
28 65319
83 182717
87 74255
15 158436
68 244776
7 164604
91 126917
34 217930
57 48975
39 180772
58 269561
94 97683
41 231404
24 122634
11 66098
41 181953
61 311255
27 184119
28 275012
26 143748
86 123638
74 98105
71 316966
15 78401
38 249354
35 28188
82 121716
97 169166
15 188215
84 253225
20 200285
45 74006
31 55872
92 106784
54 238519
45 63483
6 83418
88 75046
33 287541
95 119051
43 62400
5 12834
45 123465
5 253334
13 187264
76 279087
58 290093
57 90083
5 63385
2 182207
43 32462
70 135883
39 249861
6 153244
45 162925
7 14645
70 136472
32 106685
74 188364
100 151389
44 183020
3 262713
91 167151
28 224889
34 107586
74 237716
2 271962
100 170894
79 221027
27 103951
92 137379
29 84807
52 106584
88 255180
40 50890
82 322469
33 297576
45 173960
8 254375
67 184852
23 22224
53 67456
78 269748
30 255912
55 98873
93 57364
1 131372
24 182665
69 225166
46 103753
99 280674
22 91786
22 202224
76 128655
10 135782
42 141419
62 272016
91 126595
46 224149
71 97147
85 103636
91 207154
77 139302
65 243602
100 70989
57 89938
33 247567
20 50403
46 113565
25 72977
39 200749
34 297602
5 193185
84 122735
62 261691
59 200698
18 170283
57 79479
46 173808
62 152028
46 104011
44 73124
84 313513
32 127060
26 244211
63 142622
57 229002
55 309026
87 74464
15 28724
96 129658
46 254000
77 119775
14 117739
2 71417
38 170414
45 222984
73 116985
68 75504
94 268692
53 257331
70 226172
49 55483
54 208467
33 137570
16 28362
73 157182
5 63782
77 249382
67 264249
38 119780
43 212990
91 96860
70 295843
33 197454
24 202519
55 128295
84 83592
70 236461
62 181613
7 114510
28 254252
38 90202
81 281339
73 277620
79 260094
37 289582
1 141111
73 137964
62 212160
33 67029
16 69367
41 81975
51 146541
22 71284
39 79805
99 81106
20 191151
43 262272
57 309081
25 183052
68 255380
27 273999
87 245220
66 53914
67 264395
90 55796
76 159531
60 170678
55 278555
94 228150
85 93974
66 214413
76 258897
82 232666
82 141950
76 108709
83 52291
26 93239
36 38532
91 256373
70 116201
98 160720
12 46446
11 56547
82 72316
42 232186
6 273226
75 278671
100 231396
4 112486
31 195895
43 41890
4 182264
38 79385
81 91359
68 54658
11 146020
61 141295
96 99217
58 299402
24 202633
100 261079
81 241605
61 41127
91 187157
80 230527
8 274604
93 228033
80 180678
15 148721
93 217717
37 159063
3 101649
84 253510
3 61962
7 174820
22 141297
90 276631
75 168937
50 145454
77 59644
3 121871
77 260168
46 54196
19 139954
15 177763
77 60163
41 71021
22 182085
20 241095
88 85172
59 230523
92 136566
1 50834
63 172669
98 70709
62 231642
82 152630
15 157699
66 143886
64 43435
26 153669
63 232075
45 153982
20 111100
57 209707
36 228480
32 87106
44 102840
37 249935
14 17380
74 97814
72 176587
35 77944
47 104812
98 70782
5 173117
95 89235
81 301610
4 22646
51 295991
69 65859
54 58072
61 261269
55 268424
36 188795
62 72226
21 110928
21 211893
6 264140
48 285247
16 19049
72 297118
86 164528
63 172698
20 270439
10 186316
39 119981
31 125900
59 250576
3 222454
17 109364
12 267190
67 244462
42 71590
34 97933
74 237953
38 210181
12 216540
23 232100
31 276903
98 139680
89 115666
54 157796
57 159830
23 232201
35 138383
45 283799
55 198178
1 200745
30 266232
57 48949
98 189709
99 121079
70 236264
5 263083
50 266251
71 276154
76 189463
56 208832
63 292728
60 130529
58 180503
32 176293
4 142793
97 179656
35 288565
49 265107
69 265673
53 87426
20 60402
92 196906
89 75129
51 205939
52 66611
71 136193
92 307655
19 49784
84 283347
86 324503
2 62161
91 156549
30 165849
88 164671
6 13353
36 218799
23 71974
89 205235
18 89297
58 170376
49 185832
15 117894
83 302333
85 213983
70 316007
59 60270
94 187872
27 144561
92 107618
53 117451
30 66115
85 103730
33 237956
48 135381
8 144926
47 114324
14 77887
12 146652
2 251348
7 103973
31 206285
74 168602
6 274133
55 108795
62 202382
74 137597
55 228435
13 257760
20 141144
81 51442
67 234508
31 126746
87 154495
25 193455
9 54865
17 259420
21 101805
93 257724
56 68417
26 153241
8 214523
78 149675
19 130730
45 43889
71 106469
63 232032
43 122882
87 74329
32 126368
69 155632
47 154877
34 228025
51 276067
84 162697
6 203221
23 282668
33 217666
11 246463
68 145541
11 35668
87 234556
27 134418
47 174503
73 247070
84 83565
47 293949
61 282027
67 194239
7 24167
73 277683
70 135792
62 121806
48 204886
56 308847
4 242242
55 88535
91 136869
80 121349
10 165920
37 169520
52 236466
8 105051
73 227544
92 286893
16 18575
100 60608
8 84883
86 314318
11 135873
7 164565
34 208247
78 260583
38 289726
95 58176
80 130616
79 290083
89 75691
70 236352
54 218553
40 50728
53 117011
57 299672
43 232587
21 170766
10 205928
11 56071
76 168846
55 308633
48 114795
27 134003
49 85313
9 55562
76 139266
26 293882
92 187705
85 193356
31 296763
64 243283
30 186439
25 73725
55 128154
81 251477
50 146283
74 57925
85 154224
35 298390
64 302907
12 196925
16 28675
70 126220
88 65252
15 208025
74 308529
78 50130
63 221988
45 223836
46 184096
72 306971
64 162797
65 313814
82 71669
95 169184
63 232173
100 71296
17 189724
4 202787
97 199897
78 50448
7 114188
83 222311
53 237916
74 88611
6 193291
66 313891
66 84372
54 147481
82 191973
92 117304
28 245340
47 304887
10 286076
63 212343
70 176524
93 127339
99 280236
82 141618
72 256477
85 74018
82 71906
28 174289
26 164347
27 74059
17 189682
87 324992
93 268141
77 249942
31 146265
5 23006
81 311211
53 177933
28 215153
55 138521
96 99251
41 300928
37 129377
69 245493
35 178061
18 180234
88 245482
50 145795
77 199053
55 88617
37 109441
25 173536
32 206760
51 115992
80 110881
39 230861
32 47297
97 79569
59 100330
75 128232
11 285815
52 177343
62 211909
50 96330
89 205581
82 182402
17 99875
13 27787
73 287641
64 122744
66 154144
70 205659
96 168809
66 303563
88 255291
78 269739
83 132960
45 153786
16 58564
41 241841
42 232268
67 145088
91 236222
41 101679
44 132360
87 104589
43 242049
55 238170
81 201552
30 106069
63 52569
45 223813
6 23173
47 204423
15 18796
25 72782
38 209356
19 100328
71 126721
36 108520
22 281678
73 137451
26 254332
82 91880
51 66723
76 69077
4 142158
62 222545
10 85531
5 83355
96 129008
56 108985
59 180080
14 167538
73 77250
70 255480
61 312070
40 180634
11 206720
75 209007
99 91058
79 170345
52 217233
84 132864
37 219360
51 276367
40 300413
88 125477
51 256784
20 60522
27 174845
33 97833
23 52439
76 248894
84 303242
69 206115
43 112176
98 90013
55 148461
39 140855
59 209928
10 15894
90 115759
55 178772
39 180430
15 38444
31 186123
41 131003
68 134517
91 126586
63 122431
67 294491
5 253096
23 92519
4 42663
14 277451
72 227073
62 271933
24 42661
12 146827
34 248278
98 120042
79 180038
44 132335
21 241586
23 272260
64 133146
11 226751
80 210976
64 123313
55 198372
71 176045
100 310621
23 152053
35 288219
96 119406
96 99638
66 144149
64 312453
53 247669
83 212571
86 134601
7 163988
74 208238
57 209106
69 135428
22 271283
99 61075
97 129966
56 229194
47 235006
33 296805
85 274029
53 97990
20 180817
1 11202
88 235182
22 51629
8 254431
28 44551
58 169851
53 67536
12 136272
65 183028
29 215346
79 190032
35 138188
50 196256
58 90499
49 125005
43 172621
17 69730
81 92016
67 154736
35 78458
42 182008
85 143910
68 254949
68 95575
59 290333
90 166458
51 296039
32 217432
20 71255
28 44734
76 179274
59 260911
57 100030
94 178513
11 276796
43 182728
65 242968
23 152665
51 76716
72 226587
90 216032
98 200249
45 243763
9 275370
59 160776
86 274317
3 162040
55 177970
67 54098
56 69531
14 57443
47 284440
18 210244
26 33909
1 71559
21 111292
87 245076
35 78374
54 227470
29 255691
91 326122
69 305713
38 230447
66 284282
56 308570
77 189567
74 108072
87 244511
39 270253
48 144576
100 111564
31 166240
90 275867
1 100931
84 102589
25 63339
85 233108
86 203866
57 248971
56 248876
32 56843
25 33633
99 270270
74 78380
70 305956
18 69863
31 216240
65 163072
44 52988
64 242434
38 160253
34 87824
97 240050
36 219445
3 42681
92 86694
35 188424
45 173558
89 135918
88 305723
93 257992
49 275395
44 142906
84 273337
87 244717
58 179487
87 174708
39 90777
91 236645
3 232212
55 58612
1 160844
35 268719
7 104228
59 280143
15 168731
90 126741
51 156259
7 44193
84 163089
76 238662
13 127435
24 153257
78 90008
45 113471
37 49427
27 54644
47 134456
74 208208
56 98458
33 177926
84 92899
58 49535
45 302847
75 259147
96 68801
10 185514
89 126065
55 208813
27 144670
7 44437
27 184536
14 87731
25 173011
26 33843
65 53844
11 156243
31 166891
78 250494
81 191551
26 124380
7 264066
83 192513
88 224738
48 134617
62 301648
75 48629
72 157356
87 245079
97 119415
26 93742
5 193228
82 222352
68 185281
56 189506
83 92235
56 49184
60 71084
15 248593
67 74534
17 118820
5 63084
5 172812
25 223856
86 134674
16 159110
42 211769
46 293592
81 201541
78 309571
55 47953
98 179724
1 260972
24 183184
95 198114
77 309093
35 178186
82 51945
31 236282
42 292403
76 178978
58 300493
13 287753
22 21617
52 276992
38 59657
81 212078
11 56741
6 273544
89 205597
87 294095
61 42068
86 234704
54 137955
51 266115
53 197922
55 188370
83 143184
54 237935
33 27182
39 300138
42 271801
25 43201
63 262432
86 103598
4 42676
4 112356
71 306516
79 180014
82 261815
24 172806
70 76157
33 177900
31 66641
39 290403
69 235891
73 67219
64 252806
49 245262
21 51157
51 186288
20 21357
99 151161
69 235086
66 233810
13 157025
8 84667
24 202245
10 215379
53 47867
71 46394
97 69898
17 288913
42 242111
5 33104
29 64934
33 177801
94 268185
14 87779
97 239398
70 175561
31 46189
9 135333
58 109931
87 214266
6 93448
32 277140
93 167578
21 81507
77 169069
34 207760
78 109854
51 166210
83 232580
1 20749
9 235625
82 272519
75 78982
26 243385
73 178139
95 118603
66 154495
13 247638
35 127942
5 213504
60 300636
46 33647
70 185913
82 141956
33 207162
30 26265
95 328326
12 246430
34 108048
57 99310
14 97716
18 189192
76 239584
36 238761
97 79093
66 304129
84 303111
41 121310
70 266589
48 64862
7 214276
66 224491
6 203300
22 141366
42 141791
29 75395
28 75214
37 249627
79 270738
78 229924
66 143868
31 86526
82 162019
61 151244
82 292427
87 304899
92 206928
54 198440
47 144011
90 55920
100 181711
49 105874
96 169662
33 127788
7 114446
79 70219
58 109436
100 171098
9 95601
44 182910
79 200457
47 64387
34 237581
77 260118
93 127956
43 72765
49 295488
62 112501
84 193449
82 122476
73 127465
51 236897
8 35190
19 90114
31 216798
59 40236
8 55180
36 218988
57 239291
6 113142
65 303960
19 49943
31 66895
18 199414
72 126518
13 167685
13 247334
74 67660
70 126437
68 75589
100 241116
10 165230
81 301249
81 181049
85 273534
25 253918
48 195154
56 109535
47 114990
29 265053
74 97475
35 148845
15 287765
15 88536
57 200048
33 287043
96 239503
11 95990
50 145786
60 301425
63 222643
71 196981
17 28785
13 17272
7 164303
88 65676
53 307728
43 102671
70 115889
56 258503
49 106005
72 177589
69 135852
15 178393
100 141541
52 246932
77 149868
13 266925
41 201668
87 124441
41 160911
94 228063
82 142594
31 106614
71 246237
55 89021
35 178048
60 61151
49 125538
7 74322
45 123551
14 87353
5 172783
34 107289
85 273468
26 144255
18 180265
92 186795
35 158774
69 195217
80 80764
69 195297
10 135936
53 207986
99 320584
92 316985
48 84355
89 195064
62 62139
14 87745
100 261151
23 32587
8 254290
31 236884
31 136574
62 162484
12 236184
98 230386
71 297147
43 222616
96 69305
19 200695
82 192252
88 195438
89 95330
15 237859
96 218617
56 158630
26 194425
20 71300
36 138554
78 149955
40 100505
30 135374
68 255014
66 113520
93 87228
89 295768
48 205416
24 203134
26 173536
31 266452
34 298020
47 184325
3 262605
11 56264
82 131767
43 62135
28 54497
8 24481
57 59240
79 50575
66 73805
76 179437
58 190041
7 264020
85 314217
16 158751
81 131215
17 179067
84 233478
56 138744
74 57850
76 78639
46 154442
15 98822
22 201347
43 232540
15 268396
28 215141
89 265208
49 215590
64 102549
72 206952
7 273735
87 64988
83 222224
21 221713
70 195867
47 104044
30 255850
64 72442
54 178409
28 24301
18 249827
36 278384
29 154919
21 171007
59 300916
94 127916
74 108422
23 81906
6 243970
69 55442
100 71371
61 111423
34 68396
76 278880
58 210221
48 84592
5 193050
32 186490
14 67843
9 285038
8 124474
75 238258
10 196206
12 97128
91 306976
99 210906
69 265522
90 296599
64 142809
90 236000
65 303701
75 48839
26 33453
61 182085
53 277058
1 11221
75 308890
53 57533
17 68728
46 113700
82 181803
40 200991
54 228275
16 128721
62 71575
58 310015
49 215290
24 22976
26 193495
47 274686
60 50527
78 69528
58 170256
1 111005
73 207960
93 187083
27 164460
83 202108
42 161780
17 109510
67 163954
7 94414
1 221650
31 46463
89 275615
46 93368
48 194755
30 236246
38 120434
74 108195
4 142353
85 223297
36 178613
90 326739
100 261029
6 183272
83 212670
83 143001
16 89379
38 240414
94 237704
30 116379
18 259812
78 240350
84 162885
69 205328
1 41294
93 238050
25 213131
9 125770
28 34945
85 203592
19 140134
86 94167
16 149239
16 208371
19 30221
17 59029
30 125815
67 304371
55 208214
10 156026
8 275262
99 101063
2 282228
48 214969
50 225617
38 220081
1 121366
30 215786
19 220763
10 45212
91 286093
83 153198
62 292460
45 123921
85 63138
41 210915
28 94476
88 285217
3 122351
30 286393
53 87413
28 55151
65 63482
10 236286
87 74860
18 39861
58 139477
61 111917
2 282038
12 237287
69 205774
92 57489
55 168898
17 19310
35 288270
83 112350
19 220876
35 168630
72 176474
50 295653
44 83331
14 57318
28 75349
49 255263
32 97025
66 313518
53 127918
12 226566
55 218543
60 231286
13 87377
70 116050
55 48094
90 315591
100 81762
69 195867
91 166704
3 151981
74 228665
26 114009
40 40528
9 155204
30 186299
25 173439
87 114823
77 229187
85 103186
96 139066
63 182537
58 229976
9 245429
51 296091
29 274802
68 74791
17 218696
57 119055
99 330150
4 232283
82 212642
96 308603
63 171944
29 255641
4 132932
5 223627
26 94310
54 268156
89 235328
92 326813
41 221825
35 168613
67 284605
39 229810
12 157276
91 116833
85 144000
21 171165
11 275700
85 183327
78 179557
22 22243
84 263045
24 22979
35 68429
40 171402
85 203393
97 279759
24 203164
44 273298
10 285883
40 290325
31 256224
50 145684
99 201190
57 129816
72 146926
95 108079
41 60937
62 211601
17 29651
93 297956
8 35155
84 123227
26 94150
33 47638
22 232193
51 296074
9 165545
25 273508
48 205023
41 241471
25 253334
90 316561
32 177293
6 133543
65 213165
31 76933
40 120879
76 199031
23 92179
2 232294
38 160385
50 175763
13 77607
85 133100
55 128556
41 150820
92 67705
96 159113
32 176340
23 262749
68 274843
29 275827
35 68102
89 205677
97 190077
32 286422
11 66287
50 115566
93 77785
96 69610
35 118349
21 91722
77 279544
99 80655
48 64788
61 101009
57 79337
39 290467
52 267031
47 164309
45 163767
92 197250
26 124367
9 95610
45 83007
100 91202
47 284079
11 275909
69 75504
62 72048
51 45913
98 309931
40 191190
96 319521
36 259277
86 284383
11 146178
57 229543
61 181062
16 218386
38 89422
10 76246
62 72456
20 280681
56 49291
37 99481
66 154410
84 123240
35 187970
79 321134
43 121976
92 107306
7 173877
72 126748
72 117266
52 67497
48 34365
64 113225
70 66210
96 158882
15 188112
50 146322
83 222300
58 90446
94 277826
39 90802
9 184949
48 134953
48 254588
42 261734
25 252858
13 256871
95 58759
79 171182
14 87882
94 228511
56 109377
55 178406
70 225931
23 122484
35 288288
83 262063
13 47070
45 53924
14 137238
7 224810
9 45527
75 88683
3 182551
7 224053
69 96057
84 192568
67 284407
35 98569
36 178341
8 214649
90 86645
21 200894
80 290614
15 268055
79 200459
4 282810
64 263142
19 220102
72 267552
13 286809
9 35267
5 183759
10 285362
16 259210
99 310512
82 252363
67 314866
51 176165
17 68805
64 163092
100 261466
65 263388
44 42344
90 296458
44 132666
5 33446
8 184710
30 225931
5 153394
17 19496
2 171952
29 35817
45 283073
12 236679
17 49282
16 259251
15 278158
79 131074
45 293398
53 37413
18 89671
42 251719
38 160394
30 155994
68 165185
45 163714
9 195257
75 198866
75 167990
31 66722
71 47106
74 198211
68 305451
1 120665
66 143869
74 208569
97 250264
84 133125
29 205298
22 181898
32 77391
53 157982
71 316051
4 232471
50 296435
59 130533
52 267184
5 233460
76 159559
72 216502
29 225028
52 86960
53 207427
99 140196
28 74371
88 185155
57 39513
98 210615
52 36362
50 226051
13 57127
21 31005
15 57976
30 126135
39 179931
59 270856
100 280601
22 91495
64 303556
88 194993
99 250474
26 253694
39 89891
70 135671
92 236772
98 259750
96 139414
55 197879
61 311690
71 286464
83 262518
24 212286
42 172048
76 249202
26 53261
41 110805
92 166722
76 238789
49 114968
97 70174
89 105060
2 122088
83 303037
43 252448
26 103583
8 274395
100 131347
18 69995
95 258922
100 231234
55 198323
43 262034
52 47218
1 241156
63 242194
18 199253
56 38686
70 135474
82 261585
37 89872
89 165585
7 154803
60 91228
80 130586
98 290556
49 165474
87 324057
78 230007
22 42189
70 86330
42 32131
41 151594
12 57019
39 210219
22 222009
100 220672
68 264528
75 88043
57 239881
34 147966
2 231149
49 235215
94 318114
24 32310
12 176398
25 43405
79 240958
48 225188
14 217931
13 247770
70 246442
43 252468
91 136370
63 212256
1 170653
96 58588
33 227462
96 308844
11 175807
75 278091
61 92079
55 148230
60 281155
41 221930
92 107646
44 193425
33 186923
12 157331
20 40874
42 281811
38 229320
40 180631
62 252366
54 237508
41 171657
37 139893
31 276826
88 205016
52 157450
9 185166
91 86651
20 120860
13 117465
55 188311
10 275498
58 79798
69 75673
45 153760
20 40991
21 151889
100 251105
3 61778
89 66190
86 293735
20 270863
34 97475
19 110533
3 161969
15 18043
6 143575
55 228666
84 142974
59 260138
23 221755
59 40507
48 204953
18 39813
32 286745
66 154279
13 177787
60 51481
99 160651
68 114506
10 205176
66 184026
37 248886
34 278316
34 208162
84 273053
6 34054
51 176514
46 253840
93 327293
10 125792
49 115278
95 68305
48 265444
99 310943
64 232728
98 260680
32 26900
20 61319
90 86033
37 88921
83 62495
83 102112
97 169630
84 243287
8 74918
11 195854
23 32425
85 94091
78 320501
17 239097
70 255954
45 203928
4 282233
30 166153
37 69405
97 219711
56 78903
67 105122
64 213180
91 87248
51 126534
32 217427
72 257228
14 107391
66 154313
82 132155
78 310457
34 227753
70 306503
43 282680
99 140659
42 102269
16 29228
66 133972
84 233436
76 98824
45 283363
68 144805
35 118350
73 187204
53 207682
47 124316
89 225608
48 75083
18 149326
80 171565
30 176052
55 268833
61 131663
68 75147
62 82018
41 281914
43 72488
25 63779
88 125033
63 212637
84 163322
67 274462
12 286511
17 79544
27 204538
63 312817
7 264403
67 234936
31 166103
46 33786
52 227128
7 244819
35 258523
39 110439
14 198002
2 111293
81 141730
58 309951
28 224825
69 45499
76 258746
6 103801
56 109088
86 94296
30 246037
87 184448
74 98511
94 287890
81 151243
56 248542
29 264958
1 61735
92 86737
5 263302
51 196998
17 279881
17 38908
4 42251
60 70412
25 143793
52 66515
33 186799
85 163125
23 102253
99 130696
84 162962
12 106447
6 173838
12 26955
46 104311
56 99057
8 84445
71 136660
34 297714
21 241882
56 228498
93 138102
5 42836
11 176072
40 101362
90 146272
22 212303
75 98756
89 96225
14 107287
18 220017
97 139921
28 124908
1 261278
86 214589
63 172765
99 91206
62 281440
45 73018
81 141912
24 252643
97 199966
32 57105
53 237967
81 71198
88 105323
6 253215
38 279450
37 239670
44 193346
48 304640
48 105419
2 11198
66 313453
28 64704
59 50089
79 221169
94 78011
62 121970
96 169028
20 261137
61 251744
14 17641
79 220251
95 308714
100 91412
8 104242
78 219738
78 239679
5 22743
71 96055
19 210507
10 85510
75 208556
14 37960
64 292812
30 106283
27 294483
97 69499
5 213290
96 109649
18 130221
50 245862
28 144248
94 117689
98 229935
43 182213
24 72691
72 227348
94 128712
85 184088
62 141716
98 230536
11 176507
64 313059
46 133598
61 140910
50 275684
78 220480
17 149598
87 75231
24 212658
12 197068
22 291243
43 272606
17 159230
45 302837
49 84979
12 256394
45 93732
89 155806
91 126839
28 244984
73 217933
85 223909
63 52941
99 260537
39 200373
89 55475
60 150686
22 191455
51 36141
50 55614
57 279539
97 319171
89 145173
66 293654
45 33490
22 32234
18 99856
24 32499
78 249664
76 219295
83 142814
39 120977
34 237624
83 153066
35 278384
75 127978
26 73782
11 116447
72 307170
20 120252
57 279975
3 181851
31 26411
17 39426
17 189611
84 93674
27 244580
86 64123
54 78125
50 206481
42 282468
33 287913
92 306834
58 210374
65 253874
11 205918
44 203364
56 259128
60 61043
69 185257
56 138992
20 170635
70 65529
14 77478
9 25460
84 83715
98 240207
81 271940
57 39260
88 215296
83 242462
31 96893
1 80741
39 230182
91 186877
8 34703
55 48668
62 141653
54 297653
26 193407
5 33619
48 154529
71 215984
24 72349
87 94382
91 307150
72 286856
30 265435
32 256990
88 215249
55 308652
62 202157
21 41815
16 188718
75 49030
42 301482
51 236145
42 122057
10 195972
75 78569
74 168358
11 76739
99 300486
77 89311
14 267976
44 32424
59 210528
18 50332
17 59411
99 70343
27 34137
43 182222
26 153398
18 39617
52 256780
50 236515
77 189759
8 105173
12 116465
23 61762
66 94212
48 104490
42 292500
15 278165
81 201092
10 236070
58 79969
25 233014
19 150012
85 183350
8 194461
25 293429
80 200988
74 258300
26 194180
27 134131
85 83193
53 37776
24 232719
41 181224
31 106858
18 130232
5 243507
40 31323
56 309239
81 142060
7 234282
54 298053
11 235882
46 33532
73 107428
7 84296
63 101957
73 147943
97 219986
15 177752
27 133758
100 201123
98 320193
82 61705
8 264771
81 202081
44 182978
40 130665
46 64327
23 282534
33 256978
85 83168
78 120247
39 199977
29 295213
87 324566
23 242559
46 84107
13 117861
30 226356
4 32913
4 182504
69 195399
51 246528
17 199646
20 231231
76 219636
86 124270
38 289983
80 180648
82 302141
75 48065
12 236942
64 183510
28 34905
69 215103
41 301524
2 171492
66 304369
15 37952
97 309496
84 73031
76 318524
10 265399
74 297544
90 96404
63 132843
92 207599
18 119390
97 209856
52 227472
26 113428
79 60462
70 125581
2 281555
99 320110
37 179617
91 206848
24 52768
45 53100
49 255114
51 115958
40 280389
84 262639
73 137727
57 299364
82 141836
81 141185
48 104937
16 38686
20 110202
35 38281
79 210981
36 239296
43 122889
76 199502
96 219042
63 172097
75 98436
19 80043
39 110468
22 221426
3 211892
37 119168
58 189509
97 120008
32 167061
1 41543
97 99902
93 158059
95 258457
26 93812
99 210690
82 281775
46 173975
58 79743
57 110033
6 14282
85 274034
46 193674
72 96764
1 181602
64 42640
57 249949
30 115284
10 165396
31 156130
34 178026
97 279533
72 266594
71 116681
69 96042
87 114882
19 39795
4 262456
5 43077
62 291843
88 144897
41 211965
12 186809
88 315097
21 80829
96 108679
37 279934
15 128728
5 113669
29 35685
79 240912
14 157903
82 172038
74 107931
32 296605
88 64783
96 299404
14 187613
65 53802
97 129714
25 22922
95 188852
70 105658
68 125203
89 86198
89 125497
13 216773
97 139605
65 113035
85 94130
3 262185
38 79867
9 95742
32 46455
87 164069
76 219571
93 97242
57 239144
6 174124
66 224155
43 42040
84 92541
60 81286
23 122681
39 170590
75 268654
31 256302
54 118217
54 108258
76 128666
74 97917
33 37335
84 142677
92 126981
11 186070
14 217388
92 237578
32 176664
90 255871
30 186014
78 220058
85 184020
27 154826
51 206796
64 273314
92 256792
46 123856
23 222514
58 39832
79 260951
68 195257
77 259225
34 48346
88 265024
95 228691
10 185617
19 180291
94 157630
2 91288
67 204234
11 16804
98 329782
97 59090
98 220057
13 27823
36 68569
25 63515
93 107967
98 60085
100 270995
34 177453
77 180025
12 37258
39 280157
74 67635
48 135485
12 286570
62 191656
79 120501
85 53372
51 126095
67 54174
45 63316
55 198340
100 61712
64 52814
45 73306
73 157439
46 214393
13 27821
81 242191
88 174879
73 117301
69 66010
4 192795
83 73042
6 213799
42 281484
62 41410
69 85686
100 331519
54 107826
94 198445
14 117788
7 143935
47 194094
93 117526
3 282668
43 142363
95 308562
97 139394
79 140732
71 186924
83 82041
98 260342
41 161787
77 69655
93 87753
80 140610
51 76976
47 74915
96 318824
60 300851
92 317128
85 173253
8 54226
82 102342
98 130133
80 321626
18 39918
33 217088
74 177780
34 247910
39 300015
29 55571
23 32269
57 89310
32 256923
24 192468
99 241178
21 31015
61 61593
82 152165
48 195295
86 314098
98 330710
21 191676
8 245167
33 247057
33 147330
12 167018
36 48900
77 159858
35 178829
46 304282
51 116338
11 236449
47 34592
9 44688
66 263923
82 252625
81 261182
37 298971
80 61489
40 280686
58 60555
30 95397
46 163356
86 84047
29 55761
11 136844
46 33615
26 234413
12 116252
31 76130
43 232495
44 302892
11 255727
77 79506
73 77662
61 131328
97 309511
99 330236
88 284671
8 35309
19 170389
92 87423
100 320611
57 49589
31 295983
7 284181
44 212822
18 259977
28 34458
22 281382
81 231741
92 277433
70 225578
59 230148
22 291600
88 154754
93 138030
67 224533
17 259444
44 142784
3 112075
14 157756
22 141370
47 225025
72 287649
83 212766
70 106062
55 188331
34 78168
92 306625
2 61309
73 167208
17 28736
95 178690
47 34535
60 191292
29 265817
58 269948
93 317730
68 84523
50 166045
18 60205
54 247834
50 275879
54 107932
31 166678
6 243954
84 173704
98 80056
87 315074
89 115082
31 155990
17 59784
11 85922
55 98264
19 49811
50 86385
5 93417
23 172620
1 160673
20 41330
66 134349
8 24166
97 119382
44 72819
50 65721
47 234681
73 58156
16 239161
77 279868
17 189249
100 91542
37 79070
10 185605
59 130177
11 265780
4 122751
23 212905
73 167636
37 298957
65 193498
46 244285
3 282179
5 232884
10 215533
8 274271
91 166281
99 61158
80 121376
26 114009
53 196873
32 287152
83 162457
74 57985
86 174613
53 117096
53 107342
53 67722
13 216860
87 184756
49 225966
22 181716
21 170877
76 288907
76 248959
8 184211
66 184482
88 195076
74 208464
81 231806
82 272467
83 102024
50 125359
7 264058
80 121218
6 94160
93 217638
67 254183
24 52777
34 237552
35 258567
85 253040
24 213200
97 179773
9 205619
70 196494
40 141324
74 87729
32 86327
27 223984
64 282579
61 310973
32 196912
50 165790
1 111430
80 110610
25 153327
10 255474
33 66857
77 89444
98 250736
77 80013
19 80392
78 320643
33 36858
55 108013
45 123197
38 300077
3 71793
58 40565
79 220802
5 213161
74 58049
81 271281
53 86906
97 289184
78 69677
39 230463
2 241967
76 259380
11 156545
78 309819
52 227007
4 282752
18 180297
69 146067
26 54382
93 187467
56 278912
35 107960
36 268418
40 61008
12 76540
29 165750
47 84773
63 102833
95 119156
55 78964
53 267308
36 258678
98 120216
13 97375
19 30275
4 232769
85 103263
66 254199
1 200640
67 274199
34 28367
2 101129
67 94304
56 259519
4 62640
51 236006
21 71391
69 285946
90 96592
19 40231
20 140874
67 174056
31 46688
100 81471
88 235095
48 114428
53 147087
70 155839
8 144466
99 230475
20 231170
80 261019
73 197184
12 207275
95 108738
85 103468
19 219811
98 269606
67 264732
60 241231
32 176502
27 34007
3 92001
50 236017
61 71662
25 213667
94 98423
46 233806
52 107489
53 127020
30 76228
82 282503
80 251103
16 49241
41 131090
99 240645
42 191656
18 29388
23 281770
71 256756
10 75975
26 203847
93 297756
7 14535
57 79159
6 243609
94 108185
31 85847
37 119299
28 95012
12 197277
7 94597
81 121043
67 254047
19 60795
91 136534
22 231310
69 205824
63 272435
96 199708
39 219999
89 165503
92 296894
93 248030
66 303563
35 47924
78 69615
37 188959
81 162125
11 245957
44 53207
42 282168
64 262917
61 131594
28 224503
77 159593
99 310204
69 125657
51 186246
57 39904
27 244221
8 205274
88 115455
70 155518
61 91886
18 259757
96 59631
1 10831
59 59960
58 280186
91 146514
93 98170
98 99804
1 201600
28 134868
57 239951
60 270416
16 289085
89 65526
18 179456
5 173082
8 104574
5 282837
72 297590
97 169796
51 76294
94 297632
85 73066
87 215080
22 81987
54 97995
20 110515
37 89423
23 202282
35 78694
64 213221
70 66492
13 236731
77 189732
88 195163
62 202345
91 207231
97 59397
47 264802
22 101444
43 212633
49 145780
98 210248
24 132885
67 214498
86 263861
53 117639
5 183471
48 115235
8 64344
65 284064
68 254926
11 36650
92 216903
69 225118
44 283510
42 191858
26 293772
16 98762
82 111553
85 143700
98 230608
52 237106
22 202073
7 183967
97 100148
89 325666
94 198399
41 260894
77 199313
72 107152
66 114601
41 181994
88 305416
42 172296
22 281271
22 61459
4 112646
9 135770
20 81111
98 100427
39 240726
8 154668
81 221158
11 136420
51 156665
89 165904
94 67961
94 127653
29 114981
12 96252
18 239317
51 36007
34 158343
5 232822
40 230333
28 65048
18 50019
68 284624
71 266375
72 296516
51 226409
90 316279
19 180393
65 223607
18 280374
19 139884
7 63764
99 201043
26 173444
82 182610
98 229852
97 139098
63 312547
44 142421
61 71263
74 88568
36 189097
18 59705
74 318039
80 300841
33 196892
61 271377
35 98434
81 211120
53 46934
86 64389
77 99440
91 86077
5 192741
74 267929
42 211531
63 232481
1 101491
32 106367
91 226835
98 170743
38 149900
39 209975
34 137817
19 200714
21 160808
75 148639
36 158464
42 31988
61 201104
71 147110
3 12335
80 100851
20 20445
7 133929
99 330334
12 136731
29 204996
22 271885
39 40964
31 136556
92 317310
99 150991
69 145276
44 242991
64 253456
31 196075
95 208200
3 22260
92 307302
35 138429
67 224044
32 147106
70 156201
89 75927
10 225461
28 204410
60 241246
97 129547
30 165562
31 136854
11 146353
45 52978
89 295212
27 124673
31 86233
6 174016
75 198179
20 260981
55 298373
81 142125
6 134262
99 270724
80 110836
43 152084
68 45378
33 276803
88 174559
66 44252
65 153188
5 13460
35 98504
8 64415
70 316404
5 183516
38 39592
78 240483
83 162454
61 281951
61 222072
44 162533
2 51815
46 183513
97 300058
68 265589
99 170953
33 137657
14 58326
62 181572
19 99758
53 87513
34 107870
51 246003
21 120957
10 165572
100 181612
67 285071
93 87409
69 265898
35 177911
9 35573
1 280714
11 106764
90 155805
19 110005
49 145161
94 138149
68 65567
33 147898
97 260143
71 186766
97 79851
96 279423
6 243880
88 214694
59 170837
50 126495
30 125701
5 133777
71 186620
45 93227
39 220220
56 298445
32 37440
51 106087
10 195515
63 62847
33 176894
90 106277
33 217352
74 217874
99 290644
47 224342
54 198185
20 150551
33 27587
58 149579
4 192948
44 152862
92 237350
42 151504
97 279600
16 139280
57 149098
68 235062
35 208804
11 126408
10 235500
95 148966
20 111286
66 94503
30 65498
41 111079
71 206287
61 71974
46 203770
79 90344
79 220090
20 40300
40 220779
49 135015
43 152169
40 160737
75 88480
21 101003
2 32182
74 118282
23 222085
43 112000
13 17017
38 260253
68 64880
79 120626
22 21656
48 115362
50 165841
6 23548
82 212580
92 126771
82 271821
82 182165
75 188548
80 130880
18 259565
26 64189
77 239552
79 241006
23 232370
72 167105
20 260898
29 205042
7 104118
58 170023
33 26927
92 286673
14 247306
69 75932
48 264915
70 315577
69 56071
16 268579
82 131783
49 305858
88 285095
92 236798
38 300297
99 251113
41 281612
8 94528
25 273649
61 281504
64 183074
25 143687
84 283501
55 308721
10 216218
9 25530
87 74581
27 54776
94 58388
6 184018
5 263235
13 157138
75 148158
76 148941
25 272727
33 127491
63 152782
85 93865
82 232155
9 285027
70 246447
15 68313
68 304491
29 104936
80 60764
2 31144
53 66925
67 154722
68 245322
51 145872
18 109688
54 138354
24 92297
23 232489
13 287795
99 81013
43 212307
2 211628
94 318468
81 261708
10 285981
89 215145
40 271390
23 222580
55 197982
37 98915
2 191543
4 242584
96 268963
14 227574
98 240262
71 266531
67 144290
18 230160
8 224902
82 211838
62 141736
32 216541
71 176095
84 113422
93 177975
66 183502
64 163164
29 124786
93 177389
36 78385
75 188185
57 188933
20 30885
16 89110
32 146571
63 191970
36 219003
69 45840
3 232125
98 310207
39 280000
69 235744
13 276939
63 102064
86 134383
53 127319
84 102601
23 132327
1 210773
72 97643
20 31233
48 185524
5 243181
61 181701
44 263286
7 124241
36 69286
58 49666
27 104760
96 309531
53 66930
38 260270
55 138136
22 232318
30 85936
40 70918
13 17825
22 32336
5 123766
47 234388
99 141114
50 126080
28 34659
55 218793
60 40632
86 193771
66 133694
58 119545
29 255022
17 149829
100 171305
58 159706
85 153147
97 329846
14 117692
3 272645
30 265996
63 302528
46 163984
10 146343
96 259323
32 57204
78 150621
34 117832
58 79809
43 292254
60 60920
49 195540
89 65765
13 177154
83 282030
37 159079
58 299541
94 158174
57 38989
1 120694
25 212914
40 120921
18 210095
37 219931
62 91916
72 247187
77 49061
32 186767
80 150570
13 247446
83 173033
4 272585
60 100730
59 180429
75 218232
34 267834
63 252941
93 78239
63 182481
37 39580
80 190637
90 116313
85 233994
19 280375
4 132916
51 176868
65 313677
82 312670
17 179290
16 268331
60 180477
33 47000
28 75417
88 235192
74 97924
84 53620
85 104024
43 252069
25 173833
30 115258
63 232965
38 110301
55 138012
67 284086
6 283730
30 236256
81 102014
32 87353
95 299258
41 161099
61 80931
53 47023
25 63331
38 190107
6 73766
94 98609
61 291106
28 34579
86 324467
6 284311
80 180868
26 54161
83 122390
69 255573
80 130658
10 106144
9 155510
62 151802
90 236364
39 200367
66 254563
19 150292
6 83845
73 87945
24 72456
74 217984
84 182593
40 51256
44 33281
62 302177
98 120259
80 281102
90 295764
98 210022
14 18174
87 324116
53 287578
56 59233
29 205752
63 122418
29 225670
76 299168
58 239434
76 89407
6 253691
79 220602
45 193883
18 19787
33 47472
28 34324
6 213210
98 239592
79 181104
79 140869
23 282606
63 132409
76 198682
1 231310
95 248766
78 150498
100 191577
44 83137
20 60682
35 28584
13 197077
85 124104
75 248179
55 197928
83 223040
67 264172
76 269189
3 132681
83 113134
90 66566
10 56013
94 57645
14 237601
38 130102
1 11559
41 260979
31 145926
58 230108
69 275906
92 67364
100 61788
87 294873
45 162861
22 111413
74 128552
100 241419
70 215911
35 188361
61 291203
62 311815
57 169014
3 122491
60 190611
22 131900
45 183556
36 78828
79 200634
75 118406
21 191527
93 188117
5 63750
21 191021
13 87813
97 139959
13 237651
82 141611
51 216697
80 111183
84 62575
60 311271
3 242013
93 87921
15 228722
51 235955
99 310424
100 151035
4 53134
4 192226
43 162649
77 260027
71 206176
53 227767
69 246112
11 165868
24 273347
12 256313
74 178220
75 298420
71 306229
30 296247
9 15163
13 207800
65 103553
27 294287
46 163949
7 234511
38 290056
75 168057
97 149545
5 163094
98 240565
15 158034
56 208594
33 176986
82 101865
30 255428
41 241050
29 244970
50 186265
98 100595
67 124285
4 143305
60 60840
19 200753
76 59184
48 165288
85 73359
20 230537
47 174984
76 269566
21 171843
14 148110
59 199953
23 282373
65 183808
60 111205
50 266127
22 232004
73 67402
41 81855
87 74095
1 81222
38 59338
55 48879
37 278943
7 14466
40 150779
23 121875
74 267895
10 235448
10 85414
73 127025
70 216126
50 136538
64 232805
31 276710
96 309436
60 191421
75 288921
62 212040
11 185866
4 22586
50 305681
25 23744
66 303807
98 310261
91 286206
45 272931
58 40350
10 65460
90 315715
80 321044
3 171766
51 266595
11 96409
25 143606
65 103951
48 84828
52 137042
14 127537
8 54497
77 309971
91 297022
66 294259
32 86991
64 203587
27 234726
17 219809
34 47431
77 119303
72 286648
95 239152
29 75589
22 22409
6 13452
46 93608
81 322113
15 238713
32 226537
3 212245
23 92410
48 285444
55 178926
89 135965
61 201379
63 142008
23 212339
36 119389
45 82968
76 48861
39 90221
55 88889
86 194477
85 63584
45 63957
93 158053
29 45848
51 226295
10 136213
82 52128
95 168254
25 43794
27 154253
17 279829
94 158765
74 117952
52 57392
76 49149
48 184811
79 230399
13 187745
89 65078
77 199386
11 16116
76 268630
63 113024
63 122007
59 130365
19 250353
57 219617
6 133345
93 157132
57 49403
17 69016
62 312129
89 56104
48 274843
76 299360
38 169719
97 219237
95 279137
12 186284
65 253378
94 238410
35 238884
47 264118
10 276107
11 275811
85 123373
37 228838
86 94208
59 100140
56 178582
50 35509
35 88672
17 159238
14 178072
42 121636
99 110603
88 244682
42 152201
57 299928
37 129190
1 61619
71 156418
41 100995
89 116172
75 248090
65 263198
53 236905
32 227191
54 187945
19 30306
93 97197
31 66059
58 249811
100 81251
92 116934
71 56079
45 263540
73 188030
23 91867
33 196954
91 266344
64 212826
72 196502
77 229258
46 283799
12 156445
98 219819
46 63617
85 263472
43 272828
8 114524
77 219106
100 310962
64 252880
18 199852
42 191435
50 86241
98 199695
18 59335
95 79268
96 199738
44 302981
46 194068
30 75628
55 118879
71 316094
96 159121
1 130900
67 184444
50 66397
41 290926
24 32949
94 227733
53 137165
1 11557
45 153587
23 222038
33 287837
93 177632
10 135604
71 146929
33 227798
65 203085
1 180879
90 115671
93 297649
77 109322
40 260661
86 173848
38 129643
35 268061
74 207885
87 144113
78 270143
29 235764
70 256304
99 60130
83 322883
65 264014
48 254773
24 232221
32 47271
49 45162
35 258507
