211
1 1
12 1
12 4
12 7
12 10
12 2
12 5
7 311
12 8
12 11
12 3
12 6
12 9
12 12
3 1
3 2
3 3
14 1
14 4
14 7
14 10
14 13
14 2
14 5
14 8
14 11
14 14
14 3
14 6
14 9
14 12
5 1
5 4
5 2
5 5
5 3
16 1
16 4
16 7
16 10
16 13
16 16
16 2
16 5
16 8
16 11
16 14
16 3
16 6
16 9
16 12
16 15
7 1
7 4
7 7
7 2
7 5
7 3
7 6
18 1
18 4
18 7
18 10
18 13
18 16
18 2
18 5
18 8
18 11
18 14
18 17
18 3
18 6
18 9
18 12
18 15
18 18
9 1
9 4
9 7
9 2
9 5
9 8
9 3
9 6
9 9
20 1
20 4
20 7
20 10
20 13
20 16
20 19
20 2
20 5
20 8
20 11
20 14
20 17
20 20
20 3
20 6
20 9
20 12
20 15
20 18
11 1
11 4
11 7
11 10
11 2
11 5
11 8
11 11
11 3
11 6
11 9
2 1
2 2
13 1
13 4
13 7
13 10
13 13
13 2
13 5
13 8
13 11
13 3
13 6
13 9
13 12
4 1
4 4
4 2
4 3
15 1
15 4
15 7
15 10
15 13
15 2
15 5
15 8
15 11
15 14
15 3
15 6
15 9
15 12
15 15
6 1
6 4
6 2
6 5
6 3
6 6
17 1
17 4
17 7
17 10
17 13
17 16
17 2
17 5
17 8
17 11
17 14
17 17
17 3
17 6
17 9
17 12
17 15
8 1
8 4
8 7
8 2
8 5
8 8
8 3
8 6
19 1
19 4
19 7
19 10
19 13
19 16
19 19
19 2
19 5
19 8
19 11
19 14
19 17
19 3
19 6
19 9
19 12
19 15
19 18
10 1
10 4
10 7
10 10
10 2
10 5
10 8
10 3
10 6
10 9