331
75 34
91 68
86 38
46 38
38 10
94 27
95 80
63 14
30 12
97 43
96 82
77 74
41 33
57 38
48 38
67 41
64 62
72 45
53 41
21 15
78 3
84 43
88 12
93 41
85 42
60 56
86 64
49 6
8 3
84 43
67 24
71 11
65 50
83 59
94 20
74 42
77 3
48 36
14 7
50 34
67 4
93 71
88 11
47 10
21 11
61 39
69 7
58 43
100 35
97 47
22 10
92 24
58 36
98 93
96 95
63 6
92 85
61 13
95 66
71 52
72 14
66 34
67 20
77 27
30 9
44 21
74 55
95 46
26 20
95 3
69 60
88 35
98 8
50 13
49 46
85 75
61 47
100 81
76 64
96 43
43 7
23 18
98 94
80 30
61 59
45 3
88 23
30 11
54 24
69 59
41 6
95 10
81 10
33 13
76 52
54 11
46 35
95 45
96 42
80 51
87 12
61 19
74 8
66 19
95 86
17 5
27 26
22 2
92 57
85 9
77 15
37 14
30 24
87 14
78 1
98 85
35 20
9 2
67 34
76 57
36 12
59 40
63 50
49 25
99 78
77 65
45 9
95 45
54 38
81 28
79 33
91 80
57 30
100 7
60 10
23 11
61 55
94 8
41 18
53 30
50 19
65 9
80 34
57 36
48 18
90 38
45 31
60 37
100 63
27 13
90 75
63 61
85 12
32 1
72 11
85 63
45 29
45 4
89 46
70 52
100 41
83 43
46 43
52 30
11 2
51 28
46 20
4 2
47 37
96 4
93 49
100 44
94 75
67 31
75 69
40 14
73 55
92 5
74 34
66 18
34 18
92 7
46 17
79 66
97 16
17 6
87 56
71 59
87 50
60 51
5 1
58 54
98 71
41 21
42 11
56 38
46 40
34 30
51 41
84 71
58 24
89 57
95 22
48 31
80 18
72 33
71 38
19 6
96 40
92 80
55 52
48 41
97 44
26 22
55 53
20 16
67 17
59 38
37 5
16 5
91 56
88 44
92 41
18 11
92 84
79 31
98 90
77 9
79 49
19 17
96 89
53 20
64 40
63 7
37 34
24 15
83 31
82 35
57 52
79 73
65 42
94 70
97 86
64 30
72 20
81 70
70 45
91 37
55 35
23 13
80 54
55 3
41 2
57 4
69 37
34 16
94 51
22 6
43 14
97 93
89 53
48 9
98 27
68 58
98 52
55 11
88 28
52 1
45 5
65 63
100 38
48 39
81 15
88 72
73 53
71 69
61 22
84 25
67 62
52 6
81 72
79 21
95 3
73 18
60 41
66 43
65 7
91 37
36 1
9 2
68 17
91 1
52 47
77 48
83 40
90 74
69 50
80 70
82 55
70 47
82 5
86 23
78 14
52 3
93 70
94 60
62 43
92 70
74 18
83 51
100 14
96 80
46 41
67 54
72 32
17 11
69 34
66 51
84 70
82 67
81 14
54 52
29 20
57 51
48 28
82 67
100 50
86 31
60 26
97 9
91 44
