0
13479909
8986607
19257013
24885986
22965771
14751599
8062750
19871791
2967475
24557771
18936627
10529575
22465857
14811807
7061070
14310479
10865429
97250
876289
12080954
5172593
12791944
21853972
17361058
18483593
19065175
16678791
15093648
9867585
9771229
3067801
20203873
11119897
14917343
2982124
9795975
22301267
10107270
6608531
12529782
11635299
10456001
21829996
10778871
14003659
9762051
14750874
13453876
14395692
3829136
2638588
1308516
22852995
16174895
14100890
2010712
12395402
7338067
22852506
19105145
18359790
14055665
25741502
17586105
14268936
1965245
3238916
24634571
26234541
10300544
2779944
13472989
11740974
20181373
7168154
26581376
16574973
6361424
2845590
12393663
1843006
20646475
418177
2331096
21607053
6309083
26943314
25179051
10437536
4683550
16090147
5754613
4447764
3975292
25689659
24891066
24282484
2398089
9909036
9660195
12412020
4663391
11024985
23354978
13057185
15080686
17799857
3382963
12853108
4965376
25340331
23725458
3336279
4355342
18720283
15383813
19335368
11634592
15775254
1905971
13988390
17854349
23147924
15744569
18367070
13061004
12730121
19995246
77327
9359653
8088993
7903655
15951676
20004738
13973099
16162257
25858262
16740161
5596121
5139356
22196439
23057224
22243145
23962896
3467591
23032286
23799320
12634885
9631529
16685347
2847256
5247098
11778808
9770587
25248151
591846
12206525
5681001
10750960
19339284
10627292
14918987
21878013
5167732
10974308
1194981
11506172
13520159
1551555
17528722
21655215
4610323
19253699
12839780
20793187
3926835
12505003
7963438
20073123
3577571
15273727
21521607
2243037
20760943
11468982
21388715
12688591
11045220
7621760
6168081
2460680
24240149
2970949
1167377
21073718
10309572
24105606
10761654
1232280
1499451
23868050
17994825
19563371
23586620
10492458
5168828
24892725
6789023
6401959
20760848
537416
11067322
5044179
3860151
12437778
10313746
18981983
26310551
11040335
18567750
7967058
20055370
25204145
17935093
24603615
24158352
13456254
10855847
17025785
3602381
554077
8246791
19391335
25180917
9464600
6193223
26032351
4722608
13804415
883464
15602342
10759217
1594318
18790733
1104371
21071423
4495982
19725714
1080539
3973438
21432186
13558145
10055637
8983047
26810784
17797980
2863318
21508929
22149806
14940057
12441651
18008279
15252441
7006705
23392099
20210434
1003013
24675925
22075950
14688469
18510960
17318683
7561779
22314315
8427908
19518728
6532894
21507615
18047864
14998167
21087852
23870282
18461150
1158071
26318176
20218014
11318673
26262362
24748541
7756305
2560588
22911405
13851191
2907186
23541278
5771884
2450926
25115198
9120736
12296647
24134934
11399793
22290543
13186275
7218803
23339903
10023953
6545865
1381618
10188333
6398100
4479873
16317828
4868839
7935572
26338743
10270700
12353132
5935751
6972992
15570205
14898712
2129948
21559206
12571021
11143077
25005325
18147344
13730592
19060812
5375694
6286713
4630095
24432832
10560655
12632948
13258116
25636207
3706970
19934457
10820611
7545915
23739973
136003
1662341
13601819
19529207
6303124
18321743
13758248
18913778
15762452
24343998
17274674
25001302
6351927
5038105
23324032
3585142
12984661
3009205
3356693
11432647
25731201
15788855
5092141
23971861
5308818
2428914
19871479
12081676
9260851
16416954
15920268
4062537
15945768
14062051
18913647
6355186
26058902
24964241
15390444
8304862
8494177
18909081
14328876
13798143
10762646
25779047
22847515
22241742
19604828
13748796
3957718
671264
19717839
12257743
24666302
22771908
14876571
25099846
1463043
19173400
10474787
4380355
11600605
2965081
25237837
20374136
22504501
20906819
5779581
25655222
21519720
25384212
10233514
1900499
8258797
2682618
25280011
23556724
14968291
9669297
11352697
6301617
16367278
5700546
4774570
13693712
24792485
17837956
24703238
18217946
20147369
4472895
471859
14171473
2377502
13908175
1976280
19612006
5101826
6154207
13981614
21260391
7440506
14556849
17650452
21471043
13413184
25949685
12194479
1334129
10754868
4164336
8308092
9472434
22317585
24124171
4661143
2329439
18421500
9466183
20501611
25755497
15188885
26634394
6851506
7579437
3236734
26049705
4367639
22146735
455122
1417170
7522213
9071301
23979042
16008146
24719948
14410077
21536070
5914388
12240953
4208236
16401197
13318574
197603
26315032
11920900
10365187
23471397
2665950
997481
6688804
72869
23879435
1537561
6060077
11705704
13640475
13190737
21096624
21267247
17490981
1375564
24866517
20283302
24289450
22375984
20510456
14217410
26075867
10117987
7162319
20713843
25563693
2096308
3083679
6799877
18808267
3754984
17523190
14514270
1843559
26824898
18622372
12963958
7945564
17589441
2738113
23405897
22038059
26228185
8074042
4081953
2460504
3189141
900362
22006301
18011351
2433928
1672798
19229188
3272907
14248775
21522007
23818888
22612243
6956657
13900052
7850052
17894116
897816
9759311
23091026
8488002
11534335
6459355
14041747
8540402
14308355
10901975
13538967
6279189
19662914
24486530
7708199
10452408
25763825
6142286
1610122
5656491
2632767
22281298
18356623
7424463
22354559
5781917
15445266
19974472
22104595
4235014
2854382
18058538
25324427
936264
25453806
21666634
5188504
20608296
4181405
14606379
5081725
17868415
26660879
22679247
9407146
10927365
23209254
18486042
10581250
14900649
20497060
23008117
25647377
14526604
16685715
9292163
2436861
7071373
4451928
21285878
7876781
4991055
17381384
10334410
24944673
7019691
14683552
11614736
15537393
19722467
9157708
471223
8258598
11236339
2866143
14075271
3172501
10027380
24083327
21283041
12703274
2996000
5543741
2292547
3305222
26587764
3209364
18864845
11067266
22777994
18076869
26819199
13405615
22542025
21993026
26930484
1744502
22784862
11297547
890855
21294314
16459430
3649311
23618105
12031645
21579181
683491
15243539
19742019
20264981
25836622
15931964
14122611
23585244
23920521
5665944
20581798
11176440
755974
24808274
8092223
21581589
22015496
15171473
11870610
21664566
5234163
18721631
1017077
19927953
374600
21447823
4583566
589837
10646202
26062682
26406457
7583461
24569836
22138662
20342330
3103219
6333796
9327970
24127880
24376357
8170483
23614325
17475319
24667949
22654242
11931106
2144729
3783699
7393119
14272003
6609260
11897433
6618286
13158802
10403658
10501706
24074058
5297740
24327997
11724926
14433624
26067815
26827708
21824089
5485596
8188582
301054
6847438
3223911
26442064
23627383
5084121
19582263
21193889
15226224
7505636
12686443
24446207
5973676
11358563
23408708
6487970
23951752
9985693
5835983
22213980
24054998
19017245
2707960
14660876
13850399
20177612
10900764
15646303
24980754
11575221
23324073
9484876
156693
7096536
19960
5079699
20486924
24005200
12232953
26836180
6682605
11755262
16416948
20271566
19436326
446193
24463795
5936532
3601292
9918227
19265312
6311008
6514518
19108729
2539998
23679273
23916163
13708008
6259427
1574847
14455794
958870
9326540
3077652
2792285
1096009
26805685
16729566
12214122
11395701
25716548
12849059
24666101
9594562
23278509
9265487
5222003
3757510
21664250
21590138
20387232
17071948
1665538
26579928
10531764
15691066
16001376
5611358
21115244
738075
720973
14542373
11709403
18956746
16887673
10367562
22548305
8558509
17369410
24960023
18270173
24882712
8026147
21950160
16367261
4369430
941668
8413303
21178153
7390498
20232013
6085303
6428698
22226879
23275609
13600844
21721739
8819565
22004585
17627585
4040088
18108350
23111939
11918778
19692504
19279066
18927264
22494978
18525176
26012127
19185559
11770654
9784000
20311448
12640121
7531101
170069
12842492
8179001
11080637
22367535
2884565
24227914
9351721
15200369
17423961
21772040
6583645
15470591
17057355
11383589
6756382
2546034
3914986
1399319
10246896
8900744
21887961
4133528
26382202
23982267
24228794
26814940
20458987
11715205
11769310
19840593
20216624
6621819
20756749
22942739
14293523
20168233
8307198
15696089
11435981
18960028
5989154
19889492
24393932
14802113
16427334
2751470
17931784
2026775
2048135
1395894
7565907
24338440
12763956
21359477
5342395
20413084
11490508
17399738
100495
26341192
15679929
9569220
23204761
5074553
1789046
13901753
3344721
8501294
340828
11633421
25403838
22059749
5651047
4902046
25678688
3405941
9340018
8638462
11078577
10842917
15810681
14945871
20358718
22727258
12360300
19063745
23086676
21910975
7881747
13795501
19334115
15417077
23260306
15390454
22169807
25236784
1675358
9442314
14837081
9947298
9710896
11133251
13531972
5929249
19594691
8806380
11990939
3970166
1990420
18474296
6861849
469878
688054
5055502
19339443
16562059
20958771
3794814
16965045
19428048
5207235
16544480
2420973
18246903
18272948
19890043
21110184
1626807
11061591
4835471
11146470
11591888
8632350
15517539
8945292
596023
13863211
