331
220 32
236 101
239 156
191 16
47 252
113 31
66 44
245 251
151 147
176 123
200 172
271 14
257 57
265 164
212 124
179 258
287 108
331 198
25 148
311 75
308 156
197 176
327 134
187 67
290 231
91 143
179 44
250 176
241 273
323 250
324 87
125 187
263 118
320 116
185 276
204 203
113 269
266 29
301 105
92 81
269 96
316 256
210 167
62 26
233 318
216 12
254 150
40 36
321 8
138 82
224 219
115 285
215 136
296 116
121 180
127 43
328 164
65 256
175 167
325 189
224 14
79 117
232 191
163 282
276 127
307 188
107 301
286 189
61 20
320 236
143 210
248 219
326 146
78 63
286 238
11 230
294 6
260 67
306 278
276 249
203 114
92 12
322 6
151 305
211 54
249 52
29 221
330 274
148 134
249 92
49 43
279 249
155 37
260 145
127 192
131 172
297 8
223 297
248 17
260 163
53 64
229 200
197 144
290 243
160 7
273 88
149 314
172 40
47 5
101 295
19 29
126 86
314 178
45 13
21 3
254 205
237 82
211 178
168 29
158 79
119 84
131 165
126 104
257 252
187 237
96 3
115 138
17 215
218 184
243 44
263 211
294 168
212 48
65 7
151 319
256 6
224 18
7 5
154 22
288 141
155 264
262 84
143 299
131 103
135 9
302 76
327 214
65 281
23 67
249 45
287 72
308 215
153 118
292 35
330 35
239 298
272 188
294 265
70 27
214 91
135 45
201 109
259 21
224 109
303 111
145 273
232 143
305 137
108 83
325 48
269 287
313 5
311 193
95 71
324 227
113 192
5 40
5 238
109 147
177 9
288 150
143 64
231 136
91 92
170 68
285 265
137 275
133 162
289 13
192 61
206 182
306 162
330 117
250 4
61 7
74 47
161 210
319 319
128 121
147 83
131 203
262 190
288 136
41 260
295 37
43 188
263 292
191 323
298 284
219 39
328 47
103 178
161 176
105 74
235 147
259 166
155 70
69 43
108 63
87 23
295 182
47 11
317 313
112 94
179 216
165 82
246 135
208 69
109 310
5 195
330 50
312 58
284 58
293 199
286 205
331 162
274 202
104 49
178 109
242 174
231 22
162 135
262 113
190 106
49 225
107 230
272 69
95 225
273 95
55 213
294 159
260 138
265 170
311 91
11 40
330 201
146 45
103 61
265 198
283 206
290 4
162 12
181 33
330 116
7 7
311 287
211 267
185 119
305 238
211 154
270 63
94 20
287 209
162 114
290 64
19 39
205 308
1 57
125 229
74 54
19 165
71 305
85 121
73 144
276 30
205 103
297 223
198 140
260 236
315 81
70 23
310 155
143 50
296 86
79 170
188 44
59 326
211 254
134 102
211 245
284 137
147 32
182 107
323 165
185 59
187 162
211 176
79 287
330 70
259 207
324 61
306 203
303 256
285 103
297 59
144 99
155 50
192 82
255 184
53 112
154 58
225 105
240 33
231 203
91 285
221 165
53 128
288 100
161 97
327 211
206 147
