331
186 65
187 58
158 130
171 145
99 94
115 7
148 142
189 170
178 174
186 170
127 86
137 133
103 72
134 17
30 1
98 24
193 108
170 43
169 133
187 48
180 164
133 65
180 163
200 141
134 30
177 171
107 98
40 12
69 15
197 91
87 78
125 37
131 18
130 76
92 19
164 122
105 2
199 76
154 152
165 70
41 25
94 48
54 23
193 58
136 53
55 51
174 111
138 31
101 92
135 66
94 25
191 25
194 92
116 80
109 28
130 53
92 41
139 39
197 112
179 173
197 65
164 64
145 72
175 121
95 65
126 107
25 12
15 3
184 134
151 39
147 47
112 54
50 21
110 93
129 125
195 112
112 93
165 153
109 80
197 170
141 55
141 88
167 52
180 76
25 13
133 102
59 10
129 126
95 64
154 140
182 65
180 161
140 4
125 25
57 33
171 103
183 29
103 6
161 36
172 111
156 151
181 42
161 158
22 16
175 15
167 61
151 21
197 143
170 12
114 34
175 40
186 15
188 43
138 50
169 133
159 20
174 69
133 95
133 97
88 73
73 8
160 60
74 55
86 72
102 2
163 34
97 34
176 51
198 62
123 92
181 136
104 18
159 5
191 21
122 82
198 6
139 101
142 5
169 27
97 43
192 51
68 32
99 39
104 89
59 25
123 120
77 2
197 85
180 135
137 73
140 106
126 91
181 133
82 18
70 14
86 44
170 135
19 5
140 127
154 1
187 89
193 56
166 140
96 85
77 53
88 86
180 171
173 65
170 36
190 61
191 183
155 122
106 65
167 12
102 89
72 8
142 59
127 57
174 100
191 115
112 10
86 54
176 50
57 14
70 24
177 2
188 30
154 113
97 43
199 131
142 13
154 118
167 94
100 8
183 5
73 31
47 28
109 20
188 7
102 78
174 128
186 40
78 46
38 19
165 78
84 5
78 58
85 49
187 25
169 102
182 59
148 72
72 14
175 62
98 74
165 81
134 85
182 37
123 13
138 118
131 51
127 108
144 86
51 30
182 15
83 32
144 17
148 26
72 71
178 82
120 24
193 170
178 80
87 73
96 6
142 138
70 38
200 78
175 127
96 84
156 142
84 63
183 82
119 43
113 85
133 104
141 107
178 120
180 163
42 1
180 105
79 12
47 37
153 13
173 163
116 42
195 132
168 16
142 123
112 68
159 141
131 57
185 145
186 28
112 42
160 31
158 108
110 21
175 173
167 95
187 23
133 16
167 118
161 153
191 15
49 8
67 50
178 42
174 144
88 19
193 153
22 2
167 147
139 35
143 140
42 35
36 27
179 142
186 25
44 16
187 40
171 81
115 27
68 33
164 162
89 46
143 15
170 139
30 23
167 127
81 63
113 107
137 123
101 50
38 23
139 103
149 57
181 1
72 8
135 105
63 15
167 64
189 44
187 102
178 88
124 122
174 135
122 108
153 34
115 54
165 107
133 53
193 164
21 4
183 114
114 106
188 177
111 94
111 21
167 27
127 99
