1000 116
526 416 774
439 784 672
803 130 834
835 106 826
769 142 661
680 739 641
429 468 707
631 256 121
647 845 750
377 598 264
701 829 631
624 172 564
445 125 400
183 665 456
158 583 549
770 167 437
315 302 610
727 82 816
798 434 566
698 762 68
667 367 847
202 140 168
717 291 799
822 424 613
427 288 100
681 763 774
824 227 225
583 659 257
549 607 641
820 209 307
838 826 624
834 178 715
707 600 711
656 571 284
418 703 277
224 534 189
147 507 121
322 795 731
529 248 242
74 217 401
332 204 131
661 187 815
525 845 319
385 405 595
375 528 448
357 702 687
497 799 98
323 270 843
759 504 241
150 284 408
256 566 318
338 131 210
57 607 760
327 697 314
71 777 793
224 284 399
60 486 348
108 759 323
657 423 778
603 523 767
716 485 237
183 528 318
344 535 630
253 812 477
273 589 158
215 763 147
319 774 583
617 587 247
646 148 620
573 701 848
244 567 482
431 455 159
699 749 400
479 708 116
661 130 655
769 50 323
66 319 246
354 642 538
551 437 637
75 715 487
629 108 759
816 489 364
681 337 262
230 766 675
296 576 755
657 495 755
129 266 224
80 325 816
323 827 402
109 607 266
302 385 79
210 351 518
279 181 805
247 116 476
71 117 201
777 724 401
681 558 372
610 588 648
575 61 379
682 676 135
653 127 226
682 844 282
349 828 168
59 224 790
485 246 56
636 728 731
743 313 193
264 73 732
61 353 498
145 185 323
231 543 156
162 375 149
149 429 682
823 438 56
762 72 808
768 414 685
403 61 147
547 275 726
183 843 229
631 137 119
659 73 612
765 741 692
619 595 271
451 567 659
457 478 437
414 151 556
804 259 567
656 756 547
532 644 539
466 424 382
535 233 160
51 703 51
694 472 596
670 72 68
478 234 496
620 353 352
325 61 562
597 667 467
294 103 261
783 519 390
69 759 328
180 516 181
737 114 603
237 734 380
255 116 319
457 687 377
759 717 388
470 464 760
643 708 814
609 395 237
704 170 702
182 300 367
313 742 431
621 128 69
706 89 135
730 496 527
256 404 394
349 580 563
258 127 420
777 441 520
164 294 640
571 181 645
87 199 536
223 770 370
798 380 409
82 259 610
560 220 719
659 519 448
371 728 280
496 409 671
165 523 115
511 243 246
60 836 151
547 764 626
622 711 156
180 499 120
495 208 291
363 572 515
762 92 147
747 538 507
568 408 735
388 624 684
339 635 669
440 86 338
216 658 754
77 543 402
147 187 315
143 500 592
364 166 634
461 63 76
673 581 190
558 674 764
391 162 548
765 308 584
808 474 391
712 501 83
819 353 776
840 202 426
581 516 542
120 682 555
146 505 841
286 768 419
200 308 532
453 778 545
187 736 168
283 352 374
72 75 432
798 64 584
128 351 805
621 421 392
80 272 847
627 509 764
195 414 777
432 817 704
126 709 344
800 698 646
78 720 672
461 422 441
750 501 742
460 827 67
802 612 290
553 143 504
221 289 67
147 426 589
556 258 448
50 207 295
646 236 720
222 402 291
614 56 497
260 466 473
278 172 235
518 675 328
171 846 322
744 698 454
482 404 662
635 404 819
79 755 760
504 127 66
746 691 73
147 100 489
571 328 612
511 551 191
544 427 187
572 320 835
175 753 388
787 292 497
510 322 402
420 531 479
436 181 74
459 279 680
654 800 158
170 215 414
311 709 792
448 430 817
188 555 719
281 246 161
729 707 188
280 276 424
464 417 556
488 827 785
317 385 489
180 505 654
300 766 267
797 119 648
763 257 107
387 488 304
253 121 160
146 351 141
520 520 508
225 713 239
715 736 574
353 65 784
712 70 700
129 817 524
482 730 731
294 822 123
303 224 195
413 320 251
504 790 477
718 721 339
106 340 224
386 644 796
319 260 816
168 94 538
397 281 172
277 526 143
106 779 317
807 97 587
763 306 281
389 173 707
679 786 197
608 321 546
553 345 756
274 219 556
517 566 787
639 549 217
732 605 702
754 316 504
245 228 760
476 568 639
88 151 329
235 464 355
486 167 650
146 146 819
652 613 535
344 401 233
266 838 543
117 741 809
326 135 742
792 316 214
580 354 70
614 294 485
118 730 357
718 827 453
687 383 771
126 432 76
309 649 619
557 471 509
270 748 349
161 689 615
81 173 675
101 737 674
536 805 309
843 672 841
200 263 373
676 339 756
457 353 309
225 59 730
439 279 382
738 146 220
258 177 98
638 228 785
461 470 739
720 217 316
710 123 529
789 749 574
694 356 76
708 286 86
587 676 70
119 563 166
845 526 293
93 313 227
828 725 647
472 349 569
493 209 642
727 147 296
450 546 602
232 403 593
824 695 418
844 764 687
716 514 362
714 557 626
90 289 255
442 711 554
161 353 713
508 230 565
754 385 816
260 567 123
804 540 769
371 289 437
763 154 100
275 818 362
606 614 602
811 761 462
514 627 521
132 285 456
647 188 791
368 399 263
441 352 753
114 428 191
502 341 50
307 321 574
620 76 337
126 592 803
538 255 580
764 337 815
369 690 152
65 763 256
278 353 558
736 173 692
633 380 738
633 637 208
356 161 790
398 237 531
351 481 736
80 394 779
600 469 373
702 239 285
664 467 588
371 352 466
768 134 796
655 473 338
813 779 204
507 327 147
187 628 578
629 413 677
312 162 50
635 569 239
69 382 411
362 459 714
779 376 553
724 737 731
767 454 660
121 111 692
218 804 224
501 337 587
82 599 454
83 383 728
828 402 816
389 715 424
808 643 505
265 271 146
146 744 551
756 570 367
352 493 320
526 143 608
818 175 356
421 764 445
53 742 797
819 836 661
147 793 208
603 207 185
454 303 78
154 764 598
471 265 240
497 496 88
810 463 769
70 589 438
465 593 84
412 561 69
778 659 812
692 166 724
827 325 733
610 430 646
112 606 617
57 808 262
95 767 431
569 788 169
156 157 467
190 519 734
765 202 297
481 844 168
355 575 443
793 334 578
343 396 334
109 158 291
77 203 764
213 477 456
87 584 563
505 479 788
143 149 695
390 580 688
508 640 167
100 582 451
384 631 552
668 445 660
664 472 568
332 390 194
738 428 483
206 638 668
699 731 767
543 270 496
135 483 842
252 288 573
653 622 108
109 194 504
719 809 125
191 846 221
335 734 599
524 645 386
341 493 822
257 185 241
703 826 429
449 227 667
728 585 439
786 644 583
439 267 296
270 408 292
441 448 731
189 121 525
280 412 723
251 619 57
197 227 588
576 626 765
392 503 499
536 439 848
825 828 264
826 803 377
267 393 775
703 287 847
377 517 408
249 473 733
812 375 109
304 100 440
218 198 649
422 684 793
419 413 770
388 389 723
470 606 821
395 214 258
146 541 480
504 496 659
141 212 183
200 467 234
346 390 382
144 763 771
86 86 334
561 180 673
188 600 183
715 144 347
122 240 594
307 450 795
115 541 156
249 447 328
188 498 669
275 347 581
195 383 372
234 649 502
612 543 808
746 407 657
798 479 603
541 491 758
485 557 203
347 511 600
625 649 803
443 629 299
729 774 387
807 714 186
213 475 679
170 370 791
778 73 174
285 564 615
192 755 76
345 251 537
651 581 90
603 730 424
52 608 348
389 319 767
280 483 391
664 603 467
604 285 490
728 520 759
248 662 663
274 157 619
517 513 105
312 265 785
687 823 297
740 362 567
656 347 199
752 161 507
368 470 743
563 103 167
472 56 780
840 836 642
364 502 304
419 520 274
108 356 247
355 801 314
627 361 611
531 262 477
188 336 653
80 849 706
197 470 467
682 215 452
228 529 104
237 653 329
462 711 390
659 771 340
122 303 651
438 784 618
621 121 103
423 707 102
834 610 522
450 196 687
51 375 120
661 562 723
139 729 338
234 537 815
524 364 267
79 508 756
648 278 583
701 651 439
508 389 754
180 789 100
572 545 180
398 111 447
270 756 326
314 140 568
278 614 82
250 399 295
155 196 523
688 602 323
833 260 662
491 145 355
541 422 850
426 770 666
579 746 572
54 209 662
327 192 180
114 147 529
359 252 430
832 646 738
59 628 147
426 268 798
731 515 369
486 646 289
301 374 740
823 133 654
634 411 796
520 475 92
754 785 850
334 521 400
221 531 177
73 106 151
821 543 371
339 178 166
333 429 246
222 157 329
826 496 445
526 165 70
323 69 560
78 108 230
428 279 466
311 57 523
412 828 215
488 71 98
359 355 232
555 282 339
590 814 786
184 244 656
760 273 675
469 301 488
405 434 472
821 695 479
248 812 456
168 449 233
216 514 293
399 774 525
688 513 243
378 403 193
184 312 416
564 487 422
758 597 806
379 322 406
809 521 367
414 394 522
352 561 185
595 665 108
826 257 327
218 586 680
116 475 697
482 744 88
609 651 635
565 180 663
120 138 88
192 257 432
664 560 698
554 304 512
368 279 720
645 203 210
229 269 635
631 457 528
670 215 84
209 485 214
822 310 57
59 208 264
197 822 529
845 281 784
507 599 768
376 148 120
536 327 95
75 107 502
308 482 422
342 642 613
261 368 628
268 133 786
238 280 513
717 274 744
405 731 247
78 812 345
704 252 377
749 833 189
155 291 622
283 338 168
846 550 486
623 523 569
559 711 799
777 333 779
670 688 659
622 716 376
116 570 333
198 223 316
337 329 557
108 317 845
782 312 299
418 640 773
692 103 633
396 830 115
324 404 509
132 175 129
213 797 404
497 144 578
763 432 612
224 245 78
218 177 95
468 300 685
145 141 494
728 487 228
549 761 583
207 599 708
842 517 410
396 163 504
679 631 85
440 805 837
223 729 163
824 101 413
413 196 259
56 73 697
235 572 362
523 484 666
135 476 333
495 577 201
149 405 783
740 550 737
726 478 370
594 451 421
156 569 567
121 576 591
523 516 67
835 188 257
406 829 438
689 474 164
595 573 274
527 462 529
169 93 712
489 637 312
60 499 586
577 570 311
72 242 532
646 782 425
52 92 404
195 486 583
64 231 305
844 708 472
522 582 270
383 221 57
400 787 506
135 268 781
152 847 172
389 642 659
765 399 457
73 544 92
606 558 273
616 551 131
237 778 418
213 65 344
220 170 280
676 255 254
361 112 250
238 452 842
847 366 145
453 144 639
496 700 101
474 465 357
310 407 840
679 570 54
172 495 174
158 75 134
362 386 197
317 574 599
308 326 670
403 484 764
747 129 368
798 309 538
59 569 94
849 397 370
608 275 815
732 383 841
816 450 376
718 717 656
221 730 131
841 838 565
509 734 400
582 436 659
269 445 377
69 198 480
389 756 705
108 637 793
654 357 147
736 781 814
541 151 693
622 142 680
91 356 318
441 88 704
249 307 53
332 326 201
517 420 662
126 479 448
68 282 510
165 167 440
684 413 542
526 740 389
110 782 450
378 372 488
787 327 501
790 364 532
696 831 102
507 106 286
660 680 273
74 795 146
465 628 509
712 58 399
806 674 330
405 201 407
599 693 684
805 632 197
486 477 733
538 689 789
529 498 618
753 522 317
849 692 650
507 308 413
611 263 236
90 374 142
448 678 785
837 632 321
740 267 748
622 511 341
561 745 789
83 647 216
351 645 57
706 57 71
269 618 840
455 414 363
548 812 746
237 553 527
509 442 500
161 214 716
453 480 610
146 513 407
312 569 757
75 425 764
96 399 532
85 804 95
154 256 612
850 444 69
282 102 462
487 213 381
352 371 566
667 468 228
779 730 503
686 510 633
354 556 181
591 347 690
636 451 96
152 205 245
172 192 52
339 629 215
670 686 292
385 258 710
318 186 344
526 577 805
63 81 510
194 377 562
835 719 718
636 821 73
586 698 771
588 186 550
508 561 140
750 651 348
609 675 240
103 350 522
613 364 308
828 263 636
540 803 504
407 343 229
185 78 77
662 371 769
116 830 235
206 484 591
260 243 415
205 51 471
677 369 540
691 346 508
476 836 461
685 148 509
63 839 538
646 650 58
320 716 593
505 628 227
245 593 175
366 748 732
787 329 250
476 169 301
689 350 843
299 740 140
759 754 684
201 304 239
765 574 104
508 784 437
440 735 179
320 250 632
201 186 667
156 367 541
407 205 842
399 210 731
244 674 389
634 825 644
823 494 122
632 707 56
775 296 741
103 321 696
441 472 832
257 333 103
748 691 814
739 795 729
375 745 552
469 528 281
262 255 481
90 837 337
96 516 339
542 570 610
387 716 788
123 122 270
732 820 666
450 464 366
329 544 260
586 162 493
818 130 698
203 170 439
490 772 105
534 218 380
294 555 245
231 383 72
206 264 842
823 664 210
93 698 704
303 434 817
746 156 652
348 309 772
492 504 448
302 188 616
632 432 75
582 368 408
604 279 377
351 807 746
511 850 594
365 302 733
86 753 594
688 806 52
364 448 261
762 455 399
282 793 536
307 524 609
420 834 839
747 334 795
642 550 795
140 64 802
823 656 460
321 248 170
323 562 323
535 228 729
639 215 671
325 227 99
83 597 82
71 493 121
572 841 622
271 686 391
778 414 753
387 685 150
508 714 418
536 153 351
414 742 517
234 216 694
840 806 196
627 582 394
699 303 139
225 279 776
321 207 339
223 299 729
79 512 592
202 198 695
503 562 342
725 502 508
324 491 218
470 267 751
569 671 759
659 601 744
584 628 100
628 801 104
506 585 567
248 737 470
648 145 737
139 575 388
353 604 584
521 779 557
176 498 132
641 306 684
534 595 461
339 372 166
