1000
78 280036
78 109975
42 122304
54 117902
32 36961
39 140683
79 300325
54 77700
8 134976
59 280846
15 238642
60 71542
69 275403
3 92695
50 255552
83 102557
3 182675
59 240767
15 108400
13 237546
90 136741
49 294943
41 210827
97 149135
56 269393
48 254901
89 56145
71 76515
28 154567
16 48735
15 78637
72 67338
42 92098
54 37963
9 134824
4 83250
57 59556
23 131951
70 276143
54 58564
41 61450
48 114596
81 252189
16 278403
73 167211
65 44010
32 67297
99 160486
70 186266
7 164121
12 247238
90 105664
14 207999
24 53326
32 157442
48 304508
98 189745
37 158984
22 21372
54 257436
30 236102
37 299952
9 34753
86 73564
89 145569
28 294240
100 271652
85 203638
81 311221
82 222652
40 80525
64 263123
45 203248
37 229520
10 146295
29 115453
81 221018
63 82216
54 248038
89 195529
92 296887
9 154914
68 215236
67 304433
56 88397
50 185604
82 141731
88 115118
51 156413
47 184300
81 321951
22 161786
56 288536
33 136978
65 163976
36 138465
8 234193
66 84175
72 247352
55 168336
51 126837
33 177614
21 241160
27 244220
77 129327
65 223260
47 264988
25 253799
17 19586
20 270839
92 276777
89 126210
80 311644
9 235399
35 138533
63 262094
11 275736
52 97302
85 283098
11 45897
14 227391
100 111733
33 137260
62 212033
20 40622
41 281229
50 75861
96 249088
41 100945
66 93627
49 85654
95 318540
29 65913
71 206926
81 192033
87 94061
84 113568
84 253551
10 195954
14 57363
17 149723
62 311603
54 37561
85 114092
85 133892
29 285035
9 195718
19 290029
25 233262
89 196238
79 50157
19 130297
44 293244
17 248909
10 136177
28 195244
47 104421
74 87822
82 132561
24 23287
99 90409
96 268884
18 69234
59 299899
90 316212
67 134234
91 306768
34 277754
33 97844
29 75190
83 52255
19 40102
33 87316
65 283131
74 218228
15 98774
28 274496
35 127892
83 322515
39 90517
49 124957
70 85744
86 113530
43 102136
93 107591
45 143551
31 36875
16 278543
20 221040
53 297103
85 203303
39 199877
71 135969
65 163120
14 257950
11 35985
88 124779
67 214037
49 224983
9 225124
15 18654
89 235698
59 170016
9 65440
49 85911
83 212997
84 312612
36 228981
26 143243
8 274905
53 237077
30 35580
16 189029
62 252255
68 124594
98 59612
33 67104
48 294539
8 44528
38 129894
20 51181
81 101605
91 206342
80 230663
52 197158
4 173082
8 254784
87 184840
85 193241
40 270329
32 56722
38 119930
79 100228
42 142458
4 102709
67 134237
100 150939
51 146688
63 251967
71 106755
4 242316
75 208853
31 196903
88 315726
5 33531
62 182186
88 204949
10 176214
8 44222
33 37227
99 170780
51 206709
88 184541
96 249114
88 184588
82 191699
58 49779
83 83196
67 144551
32 207331
89 195880
35 278448
11 276246
29 85182
13 87011
91 237212
53 137449
37 189161
31 256571
81 311595
57 269021
2 71675
70 206310
40 180491
38 130016
43 92040
14 277363
53 147625
51 86706
84 152624
79 180864
77 299499
81 91879
28 44580
62 211675
81 182035
87 275004
1 231636
88 235356
29 235005
59 220980
17 279214
84 82883
82 182077
100 201500
34 138042
6 83615
50 56309
45 153638
71 137008
86 63996
63 132477
92 157636
90 226097
81 221486
61 220909
11 96587
11 56250
2 62074
67 64192
26 183844
38 219407
25 203861
77 119523
81 151695
75 198551
61 140931
1 111330
11 266102
57 169766
52 306487
60 301339
26 293381
43 212117
69 195013
90 135849
38 129936
44 302715
31 26444
12 16248
28 114962
80 120599
43 282247
26 243944
57 139784
46 183605
89 105196
62 252598
12 36802
2 161806
49 174870
33 97953
42 112496
40 90979
56 189396
81 301496
5 43282
11 135813
47 244213
94 278256
75 138141
44 262518
23 141917
2 281715
47 274191
13 176923
51 86298
76 148582
68 105251
46 123897
98 180641
56 38781
1 161169
89 285683
29 245300
73 307504
22 31476
52 196608
45 114024
77 89413
80 220519
89 275161
81 72157
58 130168
15 277740
11 236261
91 226973
78 180547
71 306765
9 115285
29 195230
87 134736
35 228871
47 274124
55 269006
69 65035
49 245302
8 195075
32 246430
83 213131
53 287764
27 123767
78 279887
6 174284
26 53614
22 21914
55 118511
34 77707
40 70717
87 134998
25 63554
21 131502
43 52378
60 290813
50 175584
45 253260
28 224253
86 184091
18 70228
42 92093
77 179320
75 78098
18 129803
62 142298
91 56682
58 230265
73 77930
14 177759
74 248469
24 203012
34 197516
68 185597
12 106728
73 218161
13 216890
66 194620
68 44682
23 112322
51 155972
52 36974
82 282115
94 118627
43 72122
32 246910
47 154655
6 193437
24 102646
74 107876
19 40558
57 139784
83 162680
58 200093
97 250238
90 315962
36 149340
92 76821
58 60255
45 32903
5 82986
84 273452
74 287985
44 253498
35 248452
53 117526
36 249411
64 113087
23 271721
73 257662
39 299876
74 128578
67 214505
6 93222
43 262620
59 100728
48 125059
3 262607
57 289015
30 105897
86 284221
56 139530
66 314605
98 59635
90 125593
81 181494
24 272972
47 244318
93 117265
25 123414
22 71281
42 162140
77 169594
23 161960
24 192341
35 38701
24 52919
94 138037
87 65062
83 73073
91 57219
51 45980
39 220119
65 123665
36 39461
11 56103
38 130061
45 243359
26 34405
71 246516
76 89020
57 118928
23 52147
4 93012
11 206409
98 189764
51 156527
57 309417
8 164203
12 16793
32 176395
56 48698
58 269796
45 282871
10 236168
42 72358
28 285378
87 234052
54 48178
88 95636
32 97287
21 41687
22 251272
52 217138
33 86883
97 270234
83 212236
29 105304
96 169196
59 270574
59 100457
9 255485
84 143199
3 222200
42 221579
32 26287
48 295045
82 101602
52 97019
87 275204
57 289395
63 182219
74 107974
35 208956
73 187271
76 278706
58 39934
99 140601
54 257486
49 195266
75 259035
52 206636
93 107332
61 121175
85 323259
77 199914
99 120693
31 236612
68 185010
16 88387
97 299794
65 213225
61 172041
77 249211
91 166227
38 120246
52 67426
59 210502
10 105576
27 174821
41 241121
42 121693
61 201002
22 71382
85 254120
10 135368
70 226345
66 114435
37 278915
55 118389
41 81618
60 131395
2 252120
45 233339
63 292442
53 106954
9 155359
79 90966
11 66476
15 37743
51 186949
52 147174
42 212303
22 242240
37 119199
95 308579
23 82704
45 83019
53 106869
52 167404
76 79476
94 178599
82 81585
53 47640
56 158431
55 127981
61 181168
92 137678
49 165886
22 231564
73 277189
5 223785
75 158755
93 108070
100 191490
34 107351
26 124428
24 283067
70 66323
53 187043
96 69219
59 200752
46 84509
94 127588
38 99703
38 29696
8 214999
61 251012
15 127899
92 86749
61 120958
44 193501
73 237626
60 261218
92 217063
70 105686
62 201463
4 152735
79 230417
47 185005
83 102909
8 214590
9 275622
57 189003
77 189316
21 231503
32 296689
60 191293
81 171793
93 297665
43 232413
60 270487
22 131551
9 195836
38 269438
92 66784
62 51815
82 231633
99 160305
82 111612
83 132757
39 100871
4 82966
81 71298
1 271286
90 206537
94 248545
74 77577
68 255098
65 123144
44 212843
34 187303
23 42326
74 318636
55 198055
100 131367
53 167781
26 134398
30 145612
41 141520
30 165904
38 120234
79 190824
42 101403
2 61236
93 97387
54 98215
55 38358
47 144118
69 196143
30 215321
68 164860
55 258521
31 236638
89 105987
38 79873
85 244030
31 206115
54 188490
13 207131
30 296110
37 199909
39 150822
75 169033
16 98926
31 216439
7 63653
89 305863
89 66069
87 145011
55 308603
68 215123
98 199718
78 319973
25 23389
18 239447
92 297589
43 301963
7 213709
78 190465
73 227714
74 198019
40 60809
78 130111
65 163583
88 95586
69 104991
54 167547
68 165232
96 298714
52 257488
59 140070
15 138629
61 41333
75 89054
54 308342
76 168502
49 164996
68 44766
67 254068
38 289687
27 293836
16 58600
4 222199
26 143755
70 265938
16 98813
94 168600
55 129007
1 11572
61 182069
8 44925
44 72932
60 111326
100 290992
88 315633
88 145080
10 45872
82 322598
31 196329
82 171750
28 215266
12 276410
9 215792
50 276460
84 282984
47 254011
4 112405
67 294928
85 134220
75 58509
38 30228
62 51954
69 255059
5 113632
45 123688
91 76929
71 86599
22 131869
9 204766
85 73529
33 207001
45 83566
11 15655
15 218311
93 257879
69 65073
26 244140
74 68527
98 269783
51 156515
33 247263
56 139027
40 290859
29 285099
66 243920
7 234738
68 45357
33 136930
79 220380
33 167588
65 223570
89 226198
10 45465
98 280355
83 52230
8 214177
6 44219
94 88380
58 260535
20 280528
74 67892
86 324697
88 75586
39 170290
11 116210
66 174404
1 11424
31 175758
66 283680
64 172622
92 177441
72 86641
92 76968
16 238895
31 296116
27 214578
36 129330
13 57120
21 140896
86 314006
29 34788
72 197561
75 108227
90 326026
26 203467
11 36637
83 72282
97 240209
68 245178
52 96386
33 167838
38 290253
73 76999
10 265694
32 96587
98 329955
40 101442
58 269432
3 282806
82 222164
1 281067
9 65285
5 102927
77 159752
99 80702
71 306527
34 278385
91 197045
82 101599
24 202747
81 301913
77 89059
24 42413
21 51211
57 79883
55 298310
56 88958
8 274827
60 191235
41 150920
67 74821
35 78617
10 266014
60 120715
30 145787
88 245038
96 138815
1 121223
47 93967
88 185188
68 225266
4 252704
45 303808
95 118764
27 264162
20 120318
37 49060
5 23448
48 34442
9 205350
35 188603
11 236692
47 53853
74 58331
69 105069
20 230519
58 119556
44 73049
70 196481
39 229879
75 48622
51 216425
82 272562
16 68552
42 121947
54 48444
30 65517
57 259268
64 303085
1 160938
42 241918
75 138090
7 244095
90 86568
100 141156
20 260934
3 142718
66 223488
16 119369
89 215939
76 218744
85 303308
86 84286
17 78903
5 63194
28 125382
41 171933
99 221221
54 88459
75 138787
1 90621
47 144937
5 213409
75 158590
50 176450
55 138134
53 277291
50 155600
41 221844
75 218505
19 270387
17 69402
56 269289
78 239919
69 125362
93 77398
10 235985
48 205405
79 90241
26 73310
29 75651
34 38023
82 321784
95 238430
33 57944
45 123000
94 247689
81 101714
24 112928
7 154223
99 210787
78 260651
5 73173
4 32517
98 269619
87 245096
17 28860
57 299639
19 270742
3 222121
45 293472
93 157506
32 226929
89 305401
15 257997
36 169085
80 151381
29 155117
68 305551
33 187628
37 178861
37 179287
69 205100
20 270698
33 66777
83 162864
70 115951
80 180516
45 243705
69 215681
51 156224
66 73827
73 237919
76 99224
58 120426
39 170277
20 111388
31 126235
11 96630
76 98679
21 241700
