101
903206033
502912532
161391385
334782998
235048292
920238154
1000000000
624207376
208830012
37810253
37721689
73243090
545891964
943576858
554316841
793257839
498894698
163952763
41483032
569031273
261251424
343824448
448933407
72232929
979792681
219598582
537652132
20605901
741591270
958536488
71889658
528376485
714258872
427318541
542284221
49041870
662366832
315038726
525765597
871196844
352848978
416003637
796956285
751257293
212096847
203789478
397031484
710991544
220258592
438514515
132539168
481510015
782338963
581472574
553742943
762131643
653587508
91395075
635253895
395178777
902447914
559659905
776071614
616706786
986978445
318355834
518265007
501861629
633394560
896546955
225574824
838759889
312550592
875047460
590017182
524647438
78836937
987048665
88155333
151611881
278079531
220694500
633121895
60418493
802167074
39381190
675066487
308270933
130776264
162836734
703449709
885740529
722496638
332037674
354963666
561991434
650393508
873228672
916369414
136304419
622291979