1000
921629349
929209723
411141311
812724614
861658387
738505539
358756878
409301823
334246305
447959378
745374882
414832549
972350184
376696584
830494418
815272857
618206047
324092578
546019591
105331309
341469231
342157174
685935733
699731552
299331558
489436034
274310050
983331690
779791791
180649510
98296970
553937492
109859232
509438280
366662105
824033970
100460170
577935334
85852145
434706474
25894711
831227026
849539023
998244895
60439961
532549792
666034103
678646007
856642369
64570046
636493668
50627952
406727219
174945752
750359503
706058776
664381785
877185904
541906817
296689928
57835413
640203786
850627419
20210996
149642066
69805875
696761318
250102235
647741208
782613462
537325061
673635918
613840487
239380435
524397164
674280447
771930226
42947619
205442805
481088947
107517664
841936472
531716898
514244882
16882223
134592752
220303657
533780360
11778656
762210473
830470287
922130420
254930611
681097705
942341416
404572676
750903579
491619085
507191262
251161138
274232546
44516322
924797055
740589384
283896756
301710571
267386182
55826982
344658189
472828986
389432280
452175852
167281810
921149177
966420733
36680384
908258280
39240741
570460743
772553287
653967565
253447381
694683707
908898175
934545085
489541474
165987202
537965015
981160558
673178464
789126152
107909455
717694785
566439559
848498838
854107893
720666481
115885019
762451226
65324669
441230356
151883505
370016872
461028517
925549033
188953956
497708901
833807312
80711048
920685995
458876951
734678612
174133376
6077009
643576787
961194812
495618482
809563988
351676179
329295391
335258803
140802330
289721197
52953588
559758240
138220034
759577832
132941072
106621404
522029057
50782092
400368111
526428913
420798963
861396628
451977945
462269270
211621880
138301608
542980317
132307874
597178558
277658929
158957601
603255566
773752067
120152413
951390399
435832406
324344943
133202141
771091209
317663624
422923337
676561148
877421864
413659722
436138979
10362935
372797477
810684387
61145027
773165588
337113299
334460341
487078567
641607595
796729611
551216798
779909202
192226279
536041023
229604112
469885207
694998624
685376029
96153625
667667388
636766428
531986031
992012330
769968568
303077239
162192305
45408257
979638386
39614168
459067978
268293716
902493455
831865455
78978102
816154833
457547394
268607752
3131525
944625960
910215346
652377487
348359109
542640899
844603766
884400131
624761362
167005324
431915106
310137391
263158949
99582493
799420170
795144979
944111174
421905089
98222217
106303479
467313345
930376954
998433998
926381323
51187021
753443804
758246777
982681474
422114988
68310522
103805577
277762865
12936481
14020922
930140351
213811941
409178172
774744116
98212071
33939534
941749440
530127177
196593276
57424740
482226021
996013445
852569718
278853547
270434885
803308286
237673377
737748230
586201591
88623726
664129552
637388611
694583882
274892680
472586436
116698869
343203201
576392012
246978085
208656033
442929285
177118436
422467973
852107456
804378903
373196395
738563341
598644694
903323571
787672968
656069433
238065944
636202764
508639150
369435842
906637649
164463787
607109218
644385878
750665377
548249295
161031781
240570339
242833176
288440812
713156774
212048397
631644012
289548785
459026481
692816396
732478069
488661268
115284368
437101877
293040171
340997114
28181569
891684864
96837037
815854537
400270649
334902980
304573652
908909798
704338821
211211300
73373585
163964390
708113529
676555313
712213684
869145309
917125652
807563212
10102472
630282425
19611608
641746483
772347562
331154440
187079230
357341982
819815708
154879949
794443858
965372230
495877063
675141779
709573445
592714099
343512667
109844093
927617078
648086318
871270243
484472250
859297618
797160179
500952991
419927498
473715491
65683026
141589159
243357494
873246237
151691630
873639919
745374196
793438113
498503832
76528636
980517342
855845813
748860695
135397291
502806023
566749276
483790705
177947801
276322720
76504803
521460467
238683165
856638232
22063136
109953407
193626833
881360753
907113585
694579823
153804603
233345427
760262848
295393761
476702921
633509085
447085390
202859191
231399632
93039854
701363022
160444619
73557196
409725186
909305313
61470838
912531208
328570940
397777894
90479008
604893660
474282696
464455826
843576824
183437279
486518962
806046582
377064111
220396066
565676518
71643933
374200668
799021944
831906780
669594428
128241216
317932216
116679818
183616758
549331848
62236023
884979779
709776466
135793218
147221317
471598131
49780407
59752524
800169070
300074652
2747884
257579081
774357347
319720061
953672256
957794625
806239022
759718837
187375087
879151440
177911706
259019019
105868459
976933650
943442151
775462887
957691217
113890718
744659056
141307975
663222565
806895078
878804105
225515383
795204648
26025421
549629865
697501406
85777945
202315286
997576058
941042180
459894367
624449756
260762240
266082974
434760733
919517614
25801811
622135819
798669053
56229868
733671190
904537511
33163517
677113340
532516749
843371086
791004057
129692156
984679060
306742974
789103586
715999516
384774708
436824585
742024937
934404572
134325990
680319233
136719857
984418399
473877764
449130575
461384507
734640003
715213549
748661591
506673968
593531711
223313761
157859372
649761578
956984950
62396883
535441447
486614641
447429983
378812532
130135050
429638491
216007943
436878023
218742076
932007458
821652730
655566660
526548746
608573653
642409001
59384330
745293509
479343752
533262093
46940436
793244610
120418448
762153984
541906200
627092415
355685694
765219960
784951787
5447271
574721262
699865021
393405069
61335902
999811355
772217600
191470951
429449845
840741894
480865325
500708272
625265704
155034406
8791283
4330801
763608058
651200284
63715131
361417919
983060387
449493575
408358354
776304996
569912022
170512337
170727547
49520789
378714382
788463858
686988927
236678004
363185119
239370299
630083073
277037373
239181653
254817024
468508323
521147850
95558918
949373648
21856121
720824621
104408053
30647404
725155421
720532463
534364039
641386903
81950381
517424425
90880478
490308734
146245772
513308851
513337422
169489670
562829639
892051803
957953527
102334917
128729806
173654998
341705215
758812878
450692370
580886868
13629902
919200692
102034717
961705171
721090691
976407189
535046143
678015096
7054592
112717915
251063910
393934982
754104818
333014290
911359406
844985295
675839375
910121529
210810497
189176796
79611198
773640136
81228598
37564725
875975052
62474755
63736074
70196619
673803985
514428443
651083486
539950238
286145486
605634554
501655408
7236177
434558094
36701550
537767624
294129038
1935816
788831533
688064019
756040633
974362174
451939777
453542279
650201548
362061305
664352776
691894695
294188855
290509263
625639644
184269931
19000666
688114398
248006004
89197284
214434734
762434446
740280769
754384971
48579931
198431674
108556730
908332459
632989768
145258279
298616434
927118805
147194095
87447966
467699175
755751079
914326491
919638951
209293358
417044390
134216608
873646133
108939084
428405462
16671747
734578727
612675392
35672412
275209477
860681395
124869696
489644210
623115840
865150464
96545533
524212122
916098490
205102262
432544581
401604609
202876893
731161014
181239765
202587339
671125332
648938939
958338417
437968174
568577890
20148126
855012564
702794497
893794258
963951647
131199958
910466004
551046726
596391701
946138416
678772554
457073095
71008111
20933115
932705286
788674926
117478647
456917407
557289767
322580909
741978339
958894375
525457801
325655705
140134139
728045139
996781036
789073078
686383555
287265561
210167319
706531681
142278124
765478167
452842290
958746123
749194476
215824646
362309200
345586176
14479413
41081753
655175622
938003875
62014867
587880907
579195152
179493514
897314665
136484919
502074422
639293004
95379293
27532222
964948708
88029784
608093712
814246095
729619213
146993618
101511655
939786531
853525298
96306131
557781049
158883940
55052253
306975524
227224937
269877804
505078051
241704349
310959556
160253672
32224575
225490774
600650930
611419726
404984287
497965594
747904644
759575060
989774949
695800289
639623633
807240008
636346424
247717344
474002454
365965636
394710962
428030461
158268518
100752611
524336591
716049566
112152902
431905195
875541441
339377838
701782998
380619491
581082186
865258905
393389514
613306760
90749678
994040443
77242838
348250317
344522388
825147481
107825376
334297337
373464121
747449009
141537344
9810544
847682704
468056150
228292531
94910017
896086610
239077400
195662628
272939552
955126965
307815529
704844746
683184757
647193367
259144095
63804247
80791904
124402999
309710112
546615016
67669028
303750554
623857853
415919344
648272942
301521685
376261072
835086630
674985806
123710080
829140325
537312701
823909135
297196474
618121584
918819152
45799435
857198983
114481779
318738986
664842300
274813659
23583731
348027056
774523377
135244177
264347655
855315281
112163527
574057766
254446648
32348907
730324672
878304500
448268250
231113965
179826184
824529321
66200594
707328341
800755752
895340918
97157394
477181239
45053744
715278977
396000390
90853178
572477959
362998520
409592164
89836610
490328530
285692246
437863666
264851907
273452775
554727672
972683539
385616301
128785437
227130186
417965207
711626460
105434685
718749809
942740424
137777220
395795481
8941017
845105561
49067585
756798287
942262954
526248823
654368382
510058282
922249212
745221559
82536240
137764083
7330074
24889202
628092612
145538672
462752867
745460870
418991446
17480538
718144408
804607746
998782326
797790945
75089305
562925138
755741981
793839113
505665561
893519201
42150945
367122930
591141113
91218529
976437568
385920418
617467351
630805949
895978699
392232914
228543859
831031290
529996996
88390285
855920491
10605960
233928956
171189709
756066829
652920401
41186598
326727589
310044498
892485276
124518533
