1000
302352059 85521090 230420321 186409862 258747488 61896454 43533415
126918227 70766074 44430517 71678240 51855087 96724938 240732117
797347321 735517023 484986758 9702428 359237800 266221131 828622675
264963373 99233367 224680967 44204794 78804115 88822581 79827031
144250279 138763496 9051654 140682755 140265184 15572620 260437643
371012269 39940532 315296282 170517685 77930359 119944355 521273086
655906501 155495645 56234316 48186198 560268671 378787335 685334678
967561487 183386327 485375479 401344123 523129005 91247585 118610426
960234229 495083327 30589805 159710123 829106992 705922461 132466320
922361611 411241313 998046 430784459 566736958 57232362 299206513
804925309 511134360 443099849 776052082 74740469 152495946 535968419
612955807 229806438 544056620 294579149 14156865 141995097 69457110
302330521 200225506 194787038 46137486 31584161 272336664 759035911
296906633 159824260 179476131 198357806 102161382 3875989 802438992
87207797 69030357 27417253 84622145 28139790 48918205 541353039
752237023 568320722 630032716 390675925 151545833 436797102 44285183
265667813 178808843 236044064 47778873 197068295 88706898 113053014
42033821 23310485 12861256 5527493 38621974 20793689 355262947
548667527 126110595 130950821 29472835 318535284 407658660 685848408
337549721 178551136 27924164 54240071 241797581 43272584 170644057
213733207 185308786 121708552 49272824 51703406 183810608 338056827
178300757 164476148 129530588 107582494 51051048 153588006 140055524
983349673 600733316 940820002 920108523 839023481 569704472 755943710
854531281 743702461 227354637 49824535 330456214 691538645 62183913
615250301 447318305 321305233 73470491 532842114 241015006 271750068
1654859 1323409 922730 1114444 796833 1303 234330607
308723507 143496179 64909619 203962821 172470374 298907321 614641738
63373367 41705898 10577071 58770479 6680059 45995140 21897850
19157617 3321144 15001973 13032753 14443729 9304592 80737165
936487553 893324364 437189626 193795048 769185572 507243052 824124366
580087327 334793017 373988405 554638845 362285199 425506812 25509468
854639059 18670591 24022647 412828534 169556607 138868893 992915861
5667853 5592417 1737609 5069429 1610315 2766986 491752422
637329247 205275182 18844562 253309610 404793699 310305177 772878497
365022569 124138806 137447624 303681866 280535050 314686592 273461142
836599147 786455397 531767886 203578117 182903487 636673635 105839092
277979551 215953708 182034897 25702314 218509208 87307669 855122558
394311121 368651531 23222997 258345600 360685461 347395412 88939334
286529171 116813 123034460 110972967 276546955 64490143 457709641
392331293 317495253 72480592 354671538 80286404 129709 137857669
597408569 63231224 548956528 318456618 68940222 569409349 36840275
32735159 4166765 24186093 22128756 17838144 11944222 614831523
889222403 566564606 826197400 243442364 624536935 498707786 551992928
718976603 262331311 446637003 98929980 101361938 707616197 514340153
873781357 816961911 193178453 441717510 202063965 833156434 829647701
368770271 357819167 44771016 66056930 318556799 313809994 88056635
592657297 289187924 215656430 530866677 105787095 363949626 118814401
975842269 383076081 23743159 421015914 672264005 845730101 137197188
630695647 216440994 214362711 53034795 452761220 381796682 20677873
822075061 23933955 115802204 821074265 358533891 561432431 380923023
704011127 562064310 168079180 271899932 423884794 624916589 920074999
801745471 646380141 72769975 332006140 524755654 128268294 873352989
896683927 210293629 163154962 238550349 883516560 714284056 219793647
712527433 69917234 477934446 481334056 597967848 11567599 283079527
103550431 44872867 33863360 59642735 79370378 13108866 543761694
183295267 123863018 37055461 169575884 3235779 83011444 447859584
492702253 128713299 218658801 357549660 159225836 199801007 851121763
449132273 317650807 13448075 35811613 108771058 350188309 937586642
601268891 175294284 98207961 74185809 562966380 1125474 891370055
160984583 86235311 149440728 28750873 106860650 85894952 933330671
552115607 443876384 483623711 418897069 11768137 302055007 489741842
923417527 311410401 278439203 877550053 181898588 529906215 753707139
468873751 147060495 414683033 206439996 180135318 326956102 115518551
983180621 58112958 727481158 329875044 492886184 48871259 883556794
65949029 14191691 54957237 12156452 43312170 9475939 578924255
934593103 28392276 73973265 828403031 755873434 125550867 321289218
9107663 3788757 425348 4840475 5637880 1964010 719276507
365115931 351698879 163513653 225941421 61095779 25137664 89170035
133081499 110104375 18395943 97815620 85505538 32790941 833440925
270301937 261145396 32326432 197588344 67964384 105415153 702553654
72847139 7203384 14986143 18804777 26393978 59480331 192331886
938476001 10087606 740961645 653357868 854977331 604801134 671884395
17997907 13463986 15809232 5746027 11683516 5860681 359294706
362683411 18592405 232397804 229098163 48091367 250395709 592405177
630969589 22220670 242166221 342606796 558549841 166282166 971063795
7766897 1497639 7528501 2970757 1221487 7729412 426485825
107305543 40814998 63014902 1838898 53760757 4588151 112380797
421463437 240641556 388492442 102849097 182559165 418191417 975847515
102070207 94001936 23819939 66882532 70122823 66029105 251730124
79677217 56042115 18441613 53926536 24863516 15385428 536938391
755439887 415823688 5823429 698005492 511082508 668918543 793068138
419610517 414893623 42830559 121546569 106874550 355110450 257342937
507510901 196411052 16796272 226068040 189575882 56256992 589406453
625970063 320818902 417121141 558935778 159016770 106274409 510651814
57768587 17890608 17469608 56697411 49863125 43418676 144575401
273353287 174987395 105011020 84326309 62855904 9642010 933641523
829249079 796322428 3656161 39979964 477725163 471889918 595626314
64183127 23241672 29101834 54988846 63468158 50358781 61286564
432284819 176721540 21973085 39605097 340063034 163445832 433833240
101677943 96593068 69062969 21546665 66971006 79424860 610289507
197216659 109674042 141034842 154884266 34115320 47196135 23396486
60965323 28826636 2943050 25191106 58213008 41136654 75383490
412486157 294675219 236691214 358386759 296511343 214067853 427624400
491782661 376341378 95143802 192690160 404989140 397823403 914225255
952677241 3760469 553652707 691686833 669392340 189936272 101799369
268605697 149005330 193506471 238392487 205374001 7418672 284727541
282815177 182224934 154634815 266535955 1001423 217356546 887847394
770887153 743851933 193303004 446394442 282568805 581895042 366845282
779232737 273499163 150122432 1591421 556737151 95328128 576807759
173058503 52786024 142144381 40302118 104403945 67983520 13743600
588304289 313436949 16242575 98388205 121794614 289027853 56868305
797792641 281397436 555745798 225844525 491041691 352207801 993333628
875891293 554044735 381816457 281397434 233899240 133861268 298639413
721593893 393070155 511561377 428533385 418648042 493374389 393180631
272584843 95144274 54391362 56032084 137343452 27139622 499997124
197027689 183814453 174357706 95375684 114521052 159799567 245707440
784395757 264143300 779141222 184820485 117777040 267330306 97719291
554566993 458100571 462521397 478509788 279660379 69100056 618217279
337030069 82239525 92736506 6351073 163350820 293349119 577448072
655452131 294332131 223384974 261341765 631362198 180321265 528589093
367978459 11034412 298259983 258996129 70426817 235739579 105811947
624963593 468241282 114162018 164289759 43038533 424670382 530991186
631815259 572994322 237643440 590143554 101572555 23856757 377343236
949824397 922760825 65134291 668002125 449874745 596125476 254688736
455314129 362908132 95388533 156945706 22832241 349103659 638528820
990926987 597426228 542094499 65134289 67769102 950866654 652186754
316775243 89570041 251638131 214387242 51261761 66518649 362127612
425017687 83116088 9641574 52293862 255261989 305066894 357658469
426465593 154597122 2723030 247589700 139187113 18413131 895672725
293456549 69189682 78639540 161321775 48391761 17800997 917559705
301503011 46999921 300893146 114504631 227061572 157974414 842937463
845482661 503170918 385356504 682445325 747092216 159933925 869776298
329620619 320282242 178510393 30171101 249120421 58335284 277882766
489063313 368806513 347989727 5432706 97292139 472218680 642318763
30557299 19857653 29149190 16696984 11053063 287696 28407373
304440319 62416123 36379280 184622991 55369246 79928689 287999650
844384699 231765260 57433958 424169904 148938836 130414384 501195695
974288837 859918080 463743726 279783067 133504722 136350544 504558230
188207029 123255115 85651917 128144170 52801316 177651707 32427533
582734521 310279952 62044827 11246581 104773045 65346351 106879690
534241963 368975459 245899058 529594088 485786215 169136085 78435294
572550763 568621967 86681242 59523848 274050092 338227395 299900322
985160263 426882155 207060782 137576933 883941863 290322640 113104598
357143693 137365185 267164852 274992242 31131540 118551680 43407156
534420583 318310425 37892720 397715472 257980556 523148087 467428464
630383711 323404089 487367137 468474432 495330784 598141797 669895200
509726863 210855791 197237070 455440296 98688328 387902998 542311383
165522367 114156957 42872632 131261357 73642442 112890658 15790395
687538067 585096018 113455254 161017078 607841262 65130668 176807473
297408481 64565504 31533993 161157279 191234252 282688409 66983578
602939737 34461029 66647869 334239000 68283934 577040531 518438609
117678881 61552399 8421493 112034359 113429265 96918032 509729118
977329369 169574277 916435487 415061134 316860647 798146036 643556378
475839241 72574533 235848818 358547405 460300002 116567001 331887760
142448101 137514703 34990390 133724005 80854602 12829375 185371521
359426113 25871841 261899255 15508818 204001147 297113030 895327099
117893161 44844022 76780934 82801787 41356857 136958 184059024
725060887 56260730 601673027 336532579 555848887 419082281 683979362
390483133 157200645 204357469 190700205 152705825 226188677 365171603
366162427 350816522 193722052 156845687 189011564 66901242 309551513
82600607 8920293 25482439 70542404 35796890 78156487 812547626
153284759 138526805 41861050 152164408 129936610 90631010 922232385
231328523 50950626 195663372 113028633 18612540 92256327 342566536
960549791 956644320 216978812 575730762 115018481 264092761 127555112
395309281 11259040 14899705 242520044 276362819 81552988 46431144
395777839 177775304 360401168 375849298 92786490 73586486 233205772
548925431 326884449 157471295 202534498 451735065 149419771 135271079
733305197 606097344 251124863 62723676 301073389 454593778 602920558
480201697 26170457 55968671 9835539 311578607 177841688 741240410
283203749 207498770 148070100 86907312 37757030 89872957 507473315
860495843 221075627 608896540 305438389 851268504 40362373 359297424
436502543 14348482 192346038 261073698 8645611 353158195 93624348
58058779 6400662 20337539 25955416 54666600 22598670 117548861
497335067 464647225 319333727 352180481 204719448 491686440 355398975
539114099 378393068 269597804 485254794 175919473 37894403 142892568
299090651 154551887 38146663 193594939 131198330 228626062 830675856
775259 603922 57063 1356 427404 719689 222184366
558725659 165132696 251685244 435571114 525293673 458970684 880152931
639728189 108657926 301155538 493587498 521809852 325715885 997424803
167912219 2534701 143368074 21203825 115595580 83818998 217345709
642919831 375293081 439530074 54161837 540425778 522826974 18426282
90748157 75599954 16056675 34091009 26881932 51906070 709253231
110638651 7562785 54612391 71219718 11634004 6323519 880951758
581971517 552790530 368473565 321185457 110355666 42852564 495493011
895183087 21330134 400931816 190702742 510496478 366717545 748139348
271716461 229265537 84355957 50065053 228254500 83008360 617664013
391538221 116939743 36395236 314799454 141824229 351646279 305271724
146972743 112298223 32326764 82497451 52206017 72101514 52210166
389799583 35053622 349119842 288447320 347019634 368047585 992222337
54363593 9800887 32091147 47113449 23620903 19014629 491465811
582408847 275581990 115540755 13084143 13348180 120007170 3321373
77560139 61214153 29609538 60235617 47250484 30237270 966233201
58178629 3132097 19251863 43991433 3020735 47276423 808982046
21128633 6374888 788918 9355252 788613 13836285 59459326
855548747 195480125 338150209 17096648 712556866 707583234 155783552
28471133 9456431 3692352 15704767 9134618 18299897 176619205
195136321 187050984 131443083 99321853 66277813 79320650 775846811
455966801 19783597 452991194 401970355 332857139 42474817 114323669
145603313 13153295 125342231 27621783 34242781 110117153 371033725
740334691 525120520 236699785 174292194 154228892 138818263 245910529
711739871 18035049 77688324 465497882 197881143 191818136 836531607
219884771 213981988 4059684 85350976 3752278 90511548 232419916
169742849 123602253 47443520 62677065 167111090 25922804 540258209
702070163 437008321 430514470 527071250 632904328 154444668 66353321
27754637 8969326 6090931 27341496 10904032 27338276 126388418
31879751 7603289 30860556 24443104 17795429 9577936 627563501
316010231 228077676 262834838 236826512 224505053 76699916 576514511
417751283 25379720 157798568 352714492 30850870 55215357 226668747
9613337 2723688 3599315 9500507 3391981 139024 195926137
670719923 98204810 371598055 516637108 542490445 339219202 640511440
213800131 29418024 105810960 147675904 144308207 7947562 564904876
646680389 119653014 34250363 244534325 341510922 92131959 545377768
948454061 284991519 659119602 869169067 852652836 539399000 666465258
164657147 109595817 108443592 7836667 9768300 95493393 763117804
343613597 200661362 182714545 235785068 273973621 255726813 109398121
905871371 425840715 152522143 33306145 571814317 852104137 16347252
688615387 659971566 64274559 330202037 53207443 621753547 613036303
231364453 326335 66214371 198901596 220618129 192053944 621209257
978170411 426507517 13039549 559819776 964210416 392758046 549393035
236505611 44998491 87273969 158911956 193167763 86786313 387940182
995963873 850979453 816849414 226653880 833185989 74043694 217863843
14900167 5751143 10635791 6938693 4283519 2672257 66849909
39708293 38146121 35266744 15866947 31623460 2378743 817107380
229866193 50642438 16501513 31521968 65542603 62920767 749158594
941723933 640553528 848230272 669623728 805136468 137700059 662060322
522231557 356186066 467477046 381619749 275201120 317135481 647526404
500481209 243454455 291866083 469747122 22173047 462989871 98590695
140821279 129961011 39702442 130919723 9326425 24882938 416391542
205901789 177907610 190346445 63141899 198519813 155754651 22789231
127505171 101285949 43210164 48605438 107896700 71710672 741629404
220600741 129938226 91246969 35219122 49458158 94630940 697063654
493912213 408966603 9005200 105744462 396197170 111099422 743494326
448857107 234228918 422353235 437979957 367955358 340074732 16481164
846120167 159952442 76514041 120989752 200669340 47206339 807635807
703444031 209861519 231800045 29319371 470521055 426140388 134843952
744795941 492657639 141642007 472081891 392064395 97392195 57478699
736232711 393910821 163308414 406066877 423409235 411882404 343869299
856514833 138316312 290572738 80517054 154783018 121281420 933534805
137766479 126688475 54626086 112329154 78889558 53408166 412351344
202470217 29849400 146411382 186944678 89659303 195106805 460576268
9612469 8584902 5871462 9204014 9289885 3807561 611734361
652524793 350237320 195072468 172144671 414483348 367360520 710742652
986453899 567772544 92762061 77289306 953441528 138690891 3161331
95667283 68112092 57015738 77896496 77199314 40224664 695780751
868168429 554072503 722004369 567772543 472258714 506432355 241898853
872893921 664242338 561619309 56437770 386157315 480755925 265508920
321018611 77412641 175323207 288457321 233411969 39718340 851374785
962839987 86506079 268142769 872518864 192642449 800346809 366960081
38124193 10131189 13612 28410136 32787988 13969716 271844
380960137 372932173 31482790 166113660 349973209 352109996 271674701
785314591 411191481 553996126 448039999 519369277 174185239 82899938
335800067 165746005 33975470 257613933 23112223 247061230 942676569
435078041 284450354 16263161 82899935 139962946 203091439 981838049
300221263 22362039 102909443 131033917 200933124 137698663 349596820
804550987 383572289 590506268 218561233 162150206 728631850 850349945
97439501 26255623 8742100 29160577 66422895 86621429 213091493
492560701 485631740 123381585 420406942 286492527 19397899 27351916
944417423 758250590 184438564 20244813 472968755 855249004 393540108
25358297 5922177 8646582 1213835 12581927 15872684 880369063
458174011 68554844 360625947 333668822 265736395 143258536 389231685
875191003 371720510 440627815 582287855 277908281 532058375 710792098
444187253 11442062 259388548 139535307 71711174 234007416 640432237
661494733 130032877 297225706 495461951 173612830 529368976 101749349
893497529 3799423 533362251 279404 221910370 155763150 16158858
661458047 126742329 253578624 332425814 300391846 121489553 286691513
906643333 215704145 341995931 549954164 749066396 329129531 665362065
600574813 514842944 118494391 101155613 464222295 227295286 696662976
183250339 51780690 10519714 126234901 59479748 54050576 216567244
655532329 500174937 390317589 257993486 631372873 479198629 562264142
886456327 314192878 270121646 517888270 541488164 592213627 440111286
40612753 13581114 36599565 22181576 21875530 30285164 670387572
130994681 91427948 118859389 9373625 72949134 3278874 823922733
785048741 752018398 760615831 550191209 115815664 368804992 232531632
201366043 30699868 11881893 11628342 162243178 98108579 186118467
363304213 113788506 235801273 19287824 351465789 226212528 189002963
544678913 93993565 507894731 6037759 526283528 248478813 234064556
808087097 674158941 530475586 209115141 225862230 52805137 121487798
989027839 316186457 728781658 440928593 168461310 621366490 288791814
124025743 114158455 71702423 46681940 88004847 34027301 260303359
295542259 260821892 38429613 263141533 110657366 284072714 569303494
22793963 18254802 18779624 10180828 7868779 14687916 153235232
809401781 154601278 569750030 599850953 14077602 113286800 432046698
856090253 717764333 820578985 702876731 449156868 355982681 681322163
777913657 277628544 567961483 31488120 432229822 577543304 849084521
323375957 44998931 301932122 205809630 101123748 104337076 208544228
497317627 104760368 288403217 55176252 170900692 109483591 34906389
226621459 58015996 132280509 123212514 187109974 11515517 128949314
204641891 142825966 50529374 60968738 48550041 116407105 778641463
75896071 17815466 36046310 54250929 40604741 70297389 32663771
202862587 103516036 67765333 183971455 118587879 1739291 770161631
34403063 16188137 16244515 29991871 10922417 21660091 79142351
426658567 123909434 20540563 407712187 339618256 186393130 239551948
318994631 66406114 207046652 203032670 61744686 29384215 44541378
722521687 551225314 351732578 362449713 679834480 534933223 789108279
62221793 24147537 31869522 32718249 40514829 47163748 617647291
746455867 547969036 228777905 323546548 370073573 397687058 607381220
576411881 234940676 392045205 400982322 339571824 33669834 81768294
757491607 579834175 101202059 746455863 473231297 329979964 827494020
536552179 461291393 144825929 444645644 139465527 143363913 202137251
118151711 92139628 2308020 16242891 69154505 108182499 384904642
237280933 66564911 144357141 21417791 156944301 89484267 836446677
37180933 29461693 32934370 7719274 24212979 33821447 947736702
236411557 68467040 60364637 77510312 212586714 150718281 421354240
737997181 254543865 117910467 59504195 291724797 407638691 387653538
630109159 224629865 146099586 237657794 137188195 209927790 458280484
964781899 446991745 152228944 867766951 584179940 362156735 143345686
600530401 346926472 81976575 366620613 113608759 185259791 922268233
442015279 280124937 1899624 103821540 235375144 36167625 69340669
73199017 10245540 49143340 1735557 57345979 31973164 913567462
924896827 305801337 820523627 875323487 476652714 731051279 25907194
563991973 158273693 245992577 417974898 72503185 192299498 598211264
838340221 247227127 488574287 377870983 493389975 643240280 236491155
330402407 85078596 203578852 163765443 203799236 42577290 205576059
445772539 273750765 101547100 330317298 145709352 431949505 33416847
551255017 550955015 369563822 101547098 516878821 515273174 84751623
411258329 91429388 210322695 358878036 180083283 328093996 344612724
183386711 26956532 24078011 36735142 158140499 521236 868677328
682723343 410494668 237170904 631012845 382115947 223121480 68979899
406681207 192341893 63775080 211753908 19347636 320887950 938846142
597914309 225619706 213576721 173609916 84398366 119153624 862156441
42873293 33435112 18113452 40561496 42376561 8881124 10226136
724898927 459389719 571982173 471943597 337400415 538094026 636014704
618708683 464692883 467077148 563372182 202748934 137986779 103318192
84983407 76082494 31007311 34369113 27700926 60089656 619804276
425856283 344710861 376832639 292682650 16689874 184379748 908222533
658965259 403679534 237425472 306949723 108500661 341331135 892668984
148787279 74202745 63486733 144733340 138739422 112866428 380975193
752597621 470596453 283683384 500599763 500891481 604242582 903860793
611090911 46402124 534380244 252485888 515804392 424180815 609326093
472901281 42045399 390097007 192387063 108948259 333887076 188994428
69967483 62773092 42278800 27656056 37176308 59635734 765002329
388452377 51927976 249486149 37511853 357932520 364991207 84597157
263556907 6685291 206774556 183660883 243740882 45520992 269527960
751376011 343608258 436644336 604784295 151838228 477156707 719725007
260230991 206325008 228143760 54184493 204137245 198826797 793985090
652388587 23330642 301091691 172379530 552737762 609946689 301581034
539873489 201424760 489626366 457732920 62881081 422752544 61159687
648159973 322853686 320082994 353153231 360016662 607637818 506347911
13328129 2176005 7012620 10585511 5962034 3625032 744921913
374312761 129481820 147702695 134540196 260268698 255192479 931892166
302913971 109142223 235202767 243531353 248236193 295393411 76566070
186474097 103533162 123210070 137269328 178692330 9548056 1531981
933874897 119437340 402398629 746036231 651686250 92899144 932510327
815432713 364500181 732304976 420328261 710239153 129623076 54903887
854546573 377266313 776647122 436327885 840103736 524258810 16983395
571054339 213036553 286253720 247243725 61300566 159051781 91163464
337856201 222170735 119460661 201709336 276942682 333186308 547487124
486326369 9797619 176000919 369886320 479826048 260878826 115084305
545300507 52045914 504436182 49717280 444237070 185629033 540752241
107366071 5755275 11058546 2000796 80722000 21151606 225040861
588398957 403524357 98505597 153843222 424698904 249732630 406336678
515695099 508308615 280343332 53329057 188048970 361065332 225644810
16648259 16515273 12622352 1810572 10995475 4462529 690165907
248151221 82988070 198394371 150133064 133085316 245357682 690481888
23205067 3101727 20490818 1480853 15172681 21461409 57353933
702334807 476337502 632484972 623048995 220548288 372192936 345709211
169184219 146382561 46061313 62525891 105138456 32736944 898679849
951185743 727477720 26194945 702334803 7517318 658679918 129085894
30872857 11702249 21081811 19878318 534918 5028887 599999249
418680467 115055259 341314121 75469 250137455 337687944 899354216
45779369 25625407 22552880 9855293 20004843 7250160 318615734
832248601 386354974 80783782 293347116 268883021 777643909 800225000
238802981 229058554 170259568 186641015 132358662 205606730 78401362
257954381 62449698 221351367 252498710 18569852 3525571 590889434
726440191 336070537 373208462 230648680 117658233 226780473 664925230
26464547 15744840 20437372 8054652 9317394 16109186 934333594
361338557 278205039 283045260 19857490 177679278 157905406 478367490
73617589 21242082 33455287 26337863 6475250 50514452 90631300
331291913 79071499 200439070 316052615 97537559 215067380 97561342
657993761 361967693 89894153 15304387 608008870 121420923 814314204
384231083 178438926 168749900 193299794 13872564 338063328 26451098
57850361 25853583 53909635 11854682 38701080 2122616 140947893
836754367 399574096 465797726 683752781 163965992 297876362 357524115
891686629 158339607 884959322 885150869 211195823 63431049 942490550
565374301 60529498 113650040 260666244 228559896 199204750 24621797
300808051 800259 266943219 242696913 128170087 163037331 727914748
721515143 138033407 86258008 87790353 366593303 285462758 407958788
416254351 410612554 121878736 114815262 186800785 113732899 409155859
897165847 272220071 795382518 47116464 351090928 157191665 214498707
692062087 141430677 648078750 115711062 216829755 310218692 359329490
186196397 167615976 11585722 69622401 182875593 48348786 725130392
739715479 97268278 630375426 737654451 641023468 437105962 429716538
298296473 282821412 248608131 97353493 4619979 130422018 33012233
709988327 156966423 149717478 283460122 320250188 85606563 32591197
936091649 112541969 2802052 199627506 242711700 688028507 383222204
36468997 25684796 4364566 35982015 7610976 28975445 99391141
425664599 308419361 97332591 232577026 141013769 187679684 85930599
26250881 8108072 5517622 14165514 13014947 16256717 730833080
180831253 167440187 29832159 47419874 27215759 8488321 146069400
116239043 27760029 111843583 13653765 10293864 13739236 133703766
408623207 34350569 59096989 27162916 282602615 362668885 151704115
8518613 626833 2348710 8413080 1473443 1505939 440736009
227382703 190693716 174714527 27734033 214036337 72296218 767020869
851982853 243737969 514730670 142645805 305648518 346423015 732921778
933108721 83019118 74448281 85587127 796003329 545487635 989897291
621352591 62536366 141409947 254686835 65742822 305532349 260229704
569347087 159741912 27423731 225800997 16526448 382636387 84306335
412372781 155453117 339703835 169240965 401605191 42878483 403649204
867524887 608505349 327694697 253307344 532473865 205918237 721060603
833813891 711853692 76312081 250795807 753813521 771889706 154180375
509817323 74142707 277127058 92180442 349701761 151736075 552593183
518343053 460559900 443733156 509565613 88747830 371072715 46894134
43619353 36850753 34282320 13575582 30219250 36286941 867845992
284706421 218738489 125855361 201817544 284444672 240249797 101228028
3806447 3189598 1442177 1449776 3265451 1101356 784785745
226266917 86047668 180699283 187840441 164785278 110996610 536226968
844309153 307038590 425478357 42837371 624785622 492634007 180631811
490314173 346043415 460720323 407999024 451033473 484778395 542669692
130482269 71255276 86906100 37430231 95038198 11673083 701596787
57529111 6442971 8002261 47742563 47280130 20183190 923753244
698586671 120282775 20167976 143021948 644136607 395645062 447540631
445622327 223566106 102383026 45878327 335885169 80394823 537099692
901189097 509729771 164508290 383765388 332781679 691189277 90349433
185787691 180659238 133207012 41387356 103242237 9608462 730658880
772171417 435403636 635198606 26154307 232991839 132172410 357157955
677901463 414378364 165659536 331019604 92130965 122512674 134025238
733137217 54203173 731511967 655280378 335469249 261929779 802795962
135704731 111557263 58226091 66300558 39902370 72412556 874985185
437053387 189889537 183148069 316099632 30395427 168071735 836577241
703144823 229528612 326136316 319200849 660174970 3441331 913626667
519630569 307031237 384073269 359666976 234141636 255900162 260395787
899089157 617365323 712807142 851192131 739940305 587626939 291629719
95387101 30150080 71487477 41235326 45560614 7717088 283486291
460183111 146977730 187915436 181928200 80211725 451694663 474637648
820471139 201148616 77994257 410386694 211777916 435911593 429864463
527502091 330135021 392653421 330916040 213817360 96375602 199958897
106341839 786334 76130544 3374339 49945069 20559903 425270719
22693477 21599375 19507873 5465343 1198310 15516877 86039946
254955451 165970368 38705644 226478313 44355871 80474749 260707701
724454123 597447105 482802570 128762214 442801451 406376440 677703982
90021643 83737519 75251711 25924905 17734256 51937066 302795587
540818779 176238093 86203877 515786602 102782163 339930781 122542381
68990861 61751095 1898117 6082863 67250796 9820231 857557895
188263741 172040606 184976760 123184167 123221974 80518889 797746341
747121499 416372297 20463381 285187229 601353356 119192771 354432033
135977111 107443816 77710375 33062224 12366098 129997003 599259369
822098803 19602441 76695058 472361492 165463676 73815588 104081030
415029949 58165926 23602908 317701948 345336597 190525601 500573711
116321717 40818815 3468490 45931614 81429275 56551254 665588623
870139297 509476541 727522892 470749716 12915628 258496293 626925157
252974971 93417412 85300124 215965951 23923433 10043285 244517057
143813563 137987268 123658576 76184201 8703766 124966622 726368374
699731239 576918334 692881473 446512024 601736491 570855604 89251178
681028333 574119380 196587933 233275919 403016544 141448236 79250425
484340413 458726971 105716756 204231902 31723928 344658177 174239258
217194283 54872546 12886127 115293136 53460222 20231002 722182159
33894139 32015714 18933963 25212561 1507938 6878355 925206700
826949897 439831297 241643681 183206636 503380660 662454051 180050408
397747723 244709449 94909149 21269344 172003778 104695088 96668149
863660671 429368226 327807542 303111016 638168914 47915849 280696432
896137111 124463839 694657516 103867898 266749219 181474454 79346713
890383031 706369691 99093348 540781018 720500476 845215446 993263702
610074109 541666892 14017344 183147587 305965063 561865144 419382204
78574751 46682909 2464408 12249685 61871116 70190367 847818837
383122153 374837730 7959871 285682495 134573997 236480595 969685290
483149399 182546268 71038172 438376024 205515888 285125323 93937838
462265651 219611641 262813834 176316326 154973059 114017039 702569977
590076581 4581015 266565249 71038170 442957039 365153955 429389475
443720861 318488821 75610840 243792793 338860317 151449607 945224454
840471713 423601426 213163783 362715863 785504757 27887728 486252221
716129789 529068095 18978502 207359143 194431620 562855165 336814606
28647221 6442830 3537636 25611982 8998676 3102118 736660421
26535991 20690635 7874938 10015053 6391277 13507724 552334144
692028619 313362212 348266741 574696531 96468629 455700587 180190257
184920133 147392825 42830856 47226624 99968385 183298467 326513667
260909041 54067252 230311100 232959863 176987983 88834894 101560219
68400797 1045812 38421382 29402764 30273335 14343144 657959528
466785149 24377260 150778375 104629885 217176778 234406668 329885959
176966297 173590280 46752047 15379422 46578759 91029706 72133617
143421041 116785881 94012780 48411718 113829242 7647529 63432613
611947859 228206215 197038574 605228917 462612883 603336602 973324301
415485557 292132695 377205713 2919970 143636091 226918093 793469009
673084817 305278399 603858374 273450641 660004203 393386440 549872062
473205107 292430000 445836364 25320115 405908051 467195302 867457234
759121529 552527189 662430904 226918091 198512548 245377921 128906678
321193823 133825482 292729076 8148858 218539710 32056051 12897736
454769951 285835064 443466304 79305562 65152801 22710073 837364447
804889697 629235555 658063123 658677350 127346590 346355344 804465118
105219329 58126947 17771182 19802997 66146808 48383984 529525404
996738661 843511423 284526526 628655474 564263612 242262204 683521084
693038909 93857881 456308462 414003316 260248790 488355739 437007189
667315553 457309642 262134211 591734718 34841557 426131045 750701269
570040267 70845714 170390138 52472245 388471108 186149247 523501236
327922769 111976066 110243835 48020850 157075268 121713849 505330493
631364303 104966209 412043069 40322216 49725206 386537313 347465049
305119979 45580819 207652612 294515735 169261733 301773222 9721905
1669741 1367519 1039003 827140 1154858 807025 379044730
498825367 49338285 221205424 426009169 372536780 330179640 362914879
862444103 83301811 311149017 95270440 223462724 777618518 504879234
484253971 164865352 69573263 2897342 321421094 194462052 54762775
692483989 46526327 631543176 42899469 217642680 242684941 817796535
546645167 192919858 207824748 138171833 316914888 180692536 355814514
350689169 35140505 53776574 116439403 315200765 347077512 931871178
958396213 478641289 869859443 681418484 14590337 715017692 402713944
776523463 495522703 275735759 236773285 114960174 129244714 906783329
531552727 22888024 385314602 261289043 261890866 98732609 64887939
538517797 383823104 366591807 365981677 9803876 283439211 759727777
532047059 129027898 183358718 474423674 512967805 24374204 289062881
328568221 89110363 181350605 44745073 130810213 212693636 228103793
983554717 495183446 593438837 624017722 381458808 821542629 335045582
824454041 680088867 40192557 204816953 631878044 169697024 764926829
874549883 395235706 549492605 708516274 32357936 728518366 532970315
320231201 278518097 255382722 33457460 82751322 261403628 416058869
185024459 147636126 55351367 179443686 116054564 109946751 190101665
241639067 133879820 27054729 31016363 90436631 133241658 337505648
34745779 23269320 31531 16061231 5182621 29380987 62055149
42194569 33408732 16505387 21206814 115373 7648502 649222422
647903549 38713307 389878253 606344954 570532436 452085877 729488410
147280559 62627669 41602522 36323877 38772338 54711387 206086770
207066227 27887722 153691172 1620535 62858946 195748334 101927085
97986991 76494991 76903583 39324600 26110637 83521693 665719577
863419619 607283687 397056546 53954853 853429704 8757558 380570361
621349873 472470952 508558136 292530965 20400921 437556585 305645824
950544017 742879498 265886648 311618502 84866446 286287569 749175088
877648883 25484069 335284092 278469479 718295606 348549501 235101802
302173129 109437376 119183902 170766525 207480704 203986336 836846105
92136613 17589034 33871979 48500230 68417609 17790974 64456995
139186043 30305806 64777012 135999641 14694005 123639707 377461243
672071131 90120656 412001766 273346957 261253153 208526947 132612161
201066223 37630321 57993745 78574549 41299802 99510075 418826814
756946319 575363836 637717046 69588859 98058289 371521548 169098935
167722453 137698869 92289069 137763984 147727661 85855994 123247
270468101 122174344 63254010 96780842 191763203 52396332 646115684
764931649 708515189 467115176 161551707 506704580 348299210 874754352
106900589 17494282 46153259 88778013 13265132 74651833 800607084
325007489 68557015 316634497 219885644 303372003 204178542 235424905
149646353 15220424 112729052 57432142 100998976 2872657 470972012
629890733 97542880 52744802 352818596 579321055 260769716 772392910
205110709 41266230 27843299 112842933 2092142 4491457 272652596
367607771 169835365 7913831 44448884 186385020 274364519 273368985
143274583 1514050 26485321 135867270 97511372 40935640 325024881
760575131 20604298 481948381 85355685 387362694 460190987 657642535
242203121 67776679 169234432 125175027 75690510 222289495 244318376
313204637 235127329 125069310 81066273 269781105 76335026 855413374
360386837 214506911 282554520 196639477 286052917 150504321 12132622
989491271 147691441 679226025 974189287 358701104 393802423 739285059
964480547 25434525 723857445 114380821 831922692 703047780 758087396
61748887 5915248 28929147 6565862 35732156 50845108 705670596
88633453 42775413 54211907 12062387 30031874 44263880 691450501
123654389 36632097 103135868 74038264 114645255 6072192 633962809
582060443 94364002 168772836 202209831 133007782 94905000 93421594
78870509 40105037 8037653 38755326 44550184 50544176 513013003
754786969 79460665 453293743 567580291 179223948 335887705 631591825
790500463 400488818 683421465 216322910 497366373 138196495 614126693
595699493 304036798 319358181 390159560 91141242 558074486 581148843
13113707 3956188 7224734 10896168 1186798 9632463 171037672
492642299 195755029 39874428 320683848 232499097 217170631 537382556
395405623 188945766 25396822 102589185 290569265 169481382 387754345
794464123 139313178 365776804 446154198 534718800 547416816 308401242
707989649 276950 530346477 235022652 457706770 38363548 138142438
55007947 8175570 23762700 41393144 24205923 18736791 513916974
947889571 613451058 226666214 727291747 184949095 356371965 896789974
836847839 630764502 400719401 645546855 441311477 810405771 554778717
291617509 269946461 109126702 115677555 34239649 120826898 422831541
89621663 79004129 52914679 3639082 41088086 43603212 711807977
679235903 390995004 493443064 595164897 12368919 448524393 203392681
478778831 42150062 212274116 4553715 71883864 279361759 451421294
346564753 284087420 215780319 92789110 193399957 293139976 783751983
262120393 21958351 154556120 12342642 98751669 190518905 237122246
317324167 71289658 240670994 8785474 202065698 49750221 126072677
413556163 190637430 357186148 312814495 117502893 77184876 263916662
296215501 121330527 105995168 276462692 68600741 41387342 404445331
434883529 257574905 262376023 22370986 1830885 115021298 938925072
784108903 329344164 645130130 315481148 295823682 81296664 142286834
386707661 144262501 376807686 197184455 197553765 183392296 121114321
399255247 283557939 190686002 199830650 289933017 70686117 464299360
328676641 245210637 181305427 323132506 290353506 200336550 777010975
20020439 15490277 17691137 18655936 6113082 19268832 123266795
211141153 103783167 20530560 58152880 114139441 10921823 177381792
389564359 164857295 126813148 201941578 217647088 184449367 319980822
766458289 26124050 76668097 174930708 378676488 208892530 92918616
670589593 526376716 139109976 354124428 482210668 437538035 329307457
34531009 23356067 1587555 7416939 19146967 33633982 453086451
328739351 155533091 40727615 138129044 175438816 266739818 252285898
729005903 395390184 24090478 259666034 65205144 354783205 14477914
158143253 49487495 25812500 112326540 83794568 44316182 136620879
712647737 675859332 550982367 154346523 618526475 234109429 262857023
197143019 166848671 28179320 98715177 71567204 30677166 769340652
104539219 7600376 6820698 96052887 39736447 37878583 336686212
879237053 213651614 348284095 602683877 716270855 755832222 467128137
468131539 367155633 286498488 123437741 371100294 209302764 186083576
115608533 27607865 114630651 7698012 40612802 8504289 421714484
63843317 34997282 40511426 43757859 45210493 19434138 263433218
569129599 114286243 254332333 422184592 206818453 330418656 710997448
92284667 72460227 12598716 24568766 81979784 286260 515889508
125999351 19264590 75798127 108786541 85177074 34088632 64025795
428960057 363129388 257225998 245235230 227705966 20535633 40783854
7192201 5509674 1278196 3293124 296082 3997880 377408440
37736591 27465434 2925808 22346901 29742561 17752916 741232321
196147103 90078640 137739012 61533062 119403126 166295821 440171310
612407569 79459767 532844495 362608073 503693071 126593166 463150278
72308893 57290827 4403432 34769728 16630134 20180023 201368083
233940589 31077323 72698880 44228365 14195616 203468869 479537037
569645653 299982339 343378672 93156488 13545617 226994727 25864772
612151223 473907065 157502026 90346504 172515226 422519938 175626540
661018003 460702936 220336433 228297236 385402553 560027971 841805823
273675641 90439798 42688013 3374578 103866066 30880239 609067952
66792149 38589619 33295223 4887938 80388 26488749 978211216
597469723 472532019 294312190 122709078 196193733 29677510 260099658
442310051 331691411 362074410 75404943 108607637 105146000 341572809
673626769 281016348 23996779 586472885 501381472 52061681 350898313
196074161 8427374 92201136 136268092 27768973 191341560 809820174
334053271 275295804 14109720 182688779 197699597 245035218 613848718
362020277 50069428 199637198 130467708 189204214 153478614 550581811
574584911 298233890 114406176 112027083 85669254 526495881 460834105
276930457 172159037 132258284 56537512 206244876 11154342 39213796
360722623 118867993 173761495 250746197 192752887 247711891 116734856
645854353 610456278 11408801 473021815 148040778 287693888 940696968
151701779 92444709 28045565 33054391 33349716 82867967 322054795
491706559 446808122 263573862 148744875 33339772 232842490 85664060
527151301 158428634 365479602 379833660 320381640 396841058 878370372
320109143 113558574 190019512 84809881 193901751 120319027 261872039
48103633 855219 25246787 24984481 20538662 8317612 476891529
29278987 24127222 10359887 12674942 13943246 10706342 111329337
963874651 492274798 372682884 537955187 302881805 78247789 33863517
515861999 177521911 144595346 511586378 86428226 320253083 776409533
220175773 120138558 171977627 148852612 90540061 177444711 566210674
239531527 227891634 30387493 219318600 75507726 110881042 683059589
632308153 467614743 313437157 350412567 3190682 346470054 826030378
54474887 37596410 25389817 3190681 12863596 30785868 489109371
618245977 53406573 578484564 560675570 100123585 580160521 935530900
946964633 691161556 104087036 596648507 462566486 26810246 384695758
34340233 16154712 7049970 6575056 13425893 15121750 338792942
841702727 62474391 45338916 262047468 677432982 430034673 179277572
97923677 84932871 12272260 84474286 27842388 3683323 122951527
398172539 112635985 311689920 48474767 105743674 234791614 973264607
871341431 706402560 486218563 696383599 217704928 62875552 803147563
63763177 51832204 34149171 50452369 45140832 51318202 200563540
635759119 203207762 561558040 363462048 53464293 145899979 634990242
557168347 65109526 516780287 252564294 139863650 48188338 483258080
388686293 142088054 139905054 161779239 110095154 59770677 519156759
491271853 472702680 366034343 362609303 3882947 47050163 558477109
807561017 406788131 108669708 14388037 763319225 391536232 225023386
104050451 45529854 67036312 91066412 50047461 51019634 889511694
295220999 246334001 289419644 73659026 232574507 235466693 72799646
554826067 288057783 186003466 225023383 504440665 165858546 124471580
526212751 234243655 476606944 38126467 285263289 218634988 424486972
571362607 95880 101092683 46678382 388055296 76604973 163049639
821650309 422395117 364176798 163049636 382674654 750813579 558347706
89900669 15053188 28547771 2506145 42268538 26853159 54444660
547305557 389649318 284219786 527757252 423523298 179344959 508695903
125341501 30338 83584543 76368519 78964500 14518601 37488923
922677121 63569109 98202161 261026586 554182767 754592491 117317019
183491293 50801170 125188114 120735774 146875715 26755097 647822027
106431967 92705967 32398186 22022930 83430381 2231555 5442228
95375551 38215058 59723208 68998424 9019388 10915602 63941432
187805251 142864450 103198190 88273935 161111453 27133119 768202785
92760989 26623576 46302257 82478082 52059110 37978114 923606916
182476123 84181756 30553599 80424397 69853138 171909658 757665907
179413609 61603720 69750254 90548599 77883052 138503704 209522576
604764653 184335319 290764057 335413447 436664580 462673715 155125012
144314669 42719379 104107905 36894977 62536964 100486131 915958170
117791467 34703479 108330448 34094401 110511000 96889125 521410005
546346651 20360420 104402771 473987962 55649365 432199318 693802122
91375079 79908467 43483784 32132372 41144441 87707448 228443668
11748553 2479703 7819665 5190675 9510481 5454110 957585128
602743769 408215028 204019590 46824575 386255294 584865976 506231001
332677909 57492507 211470083 50222627 129880955 62026354 546674876
205450031 145095720 104982119 135503596 158268039 181697440 73861211
655085393 627335768 181340680 288495715 64550756 234999887 721870480
744678901 667004136 219461870 710388676 117639903 469758070 794919871
342791219 289800 171954364 82111666 79106149 339649673 74786843
360737813 99483911 162903108 237166688 65830711 29138520 651835702
520095097 151551609 180620766 266066412 179556931 411404039 345831627
903645011 11319795 23284654 541139192 837892631 772915787 96408724
341086741 96342248 315396331 156130065 122888456 156396810 623009092
524750323 513404048 147885250 177306945 429129391 477279289 188626741
776676041 48932629 294235514 134518012 142549394 112888562 881473186
567384931 517589488 267015503 157456796 474954879 249821481 305342047
148352803 61035853 47071988 109723250 74691439 126458328 193582062
684996509 72931080 183810828 543498337 465257944 269646691 16627270
715932859 684458161 685159990 715545280 594160381 113409824 72720696
628541107 210187292 310683735 12564474 598273454 51917351 918231358
464073901 320392538 52855917 286163249 180029790 273240177 112000916
807036091 237147199 205858866 771553354 308122759 66453450 565413305
905463217 42907926 603678880 503087107 688609100 163553878 84142312
989665349 492852875 50112015 462542941 865841085 612411936 220522509
457468213 25777054 139762557 369604857 348920443 100519402 207110390
268052803 218668325 149802765 247034381 193696782 153704733 714349585
772554121 47421285 436213937 548889229 577605128 55548153 769726013
270834793 246298451 222102545 143239658 92889003 152751554 68654901
350246759 199928661 250362565 125150832 230030849 110781943 559305058
85122329 72258667 5691682 63869693 40980119 3047789 614132980
632066707 131192633 22183434 160798441 377243553 595241789 995052474
4263881 4160840 229942 2613868 4005548 2828361 686107339
75133061 33975272 55093773 35362938 46399072 29658513 261510239
7663499 330807 6550374 137556 6870774 237891 575931631
736498991 21100217 128520031 623448186 383157075 369190334 144186474
916413011 239009859 502354250 560537464 861311903 548753322 32540418
431466733 67199636 67886943 304913265 267595729 413855892 101667717
64657547 55937734 40089360 57564050 44460663 62635656 258063265
171740467 57749929 166063475 111484898 1843835 121581332 805169238
610316549 3965357 408136458 527819214 257576183 246440546 413232574
315910187 8337645 94288020 13396810 19099219 164657021 991944657
55746221 52845821 53132068 19577045 53789341 46655603 914482360
10060877 3376086 3771784 5025112 974518 3565914 3458241
792127873 193021690 23309819 240980509 248767909 621937071 957301539
163380691 53027847 94305521 76879670 58851811 98080776 795407952
996253637 957213538 459492853 830928973 466345633 324126574 745743720
966288227 123145185 90080983 614212527 865546936 779378355 602642171
672115399 370621590 339538523 614212526 432915676 68858908 741486447
101389619 99460659 83563245 32497239 4744324 52958670 213166607
113398699 98886891 11077383 72083410 103898680 98970341 58544903
72591527 29490745 61743607 58720733 26186033 34367341 448655197
505516993 294332740 323307787 66598971 296446167 255013762 736044772
854275363 155335676 841180848 325234322 373651837 29835432 908557820
432418303 247272053 105352747 41411128 320370741 128072431 94392130
212956231 61641207 141202253 109091295 165772290 112665101 629399819
772844797 410043810 416888881 255124005 33644502 396833129 588459539
260565421 186485647 45699505 35460604 156323179 48746517 630639820
634208143 333944635 228999045 563508998 295462446 335380157 635556560
987556651 412717119 600912994 663037386 474149154 87637486 471263168
793669139 601523194 736597015 353600608 653250527 54104513 966141881
582744313 312111673 546340324 564525432 566111491 40299467 548672291
504260941 124369873 77588490 21929569 438374122 156071860 82274184
547974971 385428850 142860751 110794065 295321257 215824198 934157185
973988221 187102805 311839286 932915654 328844589 481729227 856929626
982811251 399066619 399542225 745088559 151861243 130270603 240987809
604435417 463584984 295999398 222069151 46252372 3403267 190360214
797342291 29775356 412296679 741086147 350710256 118428444 526691060
96479041 91024000 35467737 75803534 70243784 41199526 805761413
497371997 319581253 321331848 156754870 61375702 476981608 968471707
631190207 112307675 237199257 529883122 187212082 515226400 443218855
634095443 149126230 184140275 166841596 449185864 340895145 359684740
318928117 27914487 54874987 254613200 257383799 129523751 399602194
109421899 34442782 99272290 12475340 9565364 79169189 227779513
584329969 284979070 307116002 508156154 144054597 497755836 432328584
45607841 37821427 40586191 11332023 4623494 38484131 80147767
417917251 178806820 413077503 290294192 215173125 381594684 481599251
593671723 403547954 528693458 579260387 483695721 199250316 997177637
287471831 159698243 282084800 44240092 152075232 18293919 505889293
45686807 24369571 36647224 5216676 39396730 30557542 630775805
939326147 104317083 923390699 344928026 770949850 143271788 938599748
507542303 83756620 454164347 129129731 320721493 202474717 635019024
601894519 158618983 411549229 597219890 496050610 515866312 914347609
14621149 4320915 3009330 3786362 8447013 10845700 611744823
707471411 481746327 651450143 458071716 469571755 637768636 430358787
151429739 36817655 130503920 34613139 73058402 68367768 808163981
215023337 127870409 191732031 65851385 22178256 131608048 568310549
411782507 198262130 355266104 18059476 256051378 169469726 860200770
93274127 55446764 15181682 59854750 45476624 57446034 175682882
951742937 839219354 479912560 440269234 230407883 694935895 643256330
118466993 44553954 42815407 28239636 116475278 17916221 149338528
543886333 269330452 493343932 132783004 445013333 367584400 529843658
186765443 184134350 32133055 177090086 117269790 15723057 320536772
669751483 506229568 292349901 167689086 538344004 612886673 322151910
57253673 33998505 54367511 16002483 42917462 40238113 824436197
617170273 140194535 223504086 210644632 338112218 149093973 889590261
303774481 279420321 56527369 170955160 274167424 15536818 99821647
48162979 15726327 39463926 6428311 26365812 28481412 877932178
9061483 4030512 5822823 2964773 5547289 5027440 904844531
967963501 670430744 464787869 928862003 19171798 112606044 937923485
871420219 5074789 562376079 216017246 400603961 290879535 2955224
452365549 362748647 327102029 215618914 62696119 202003918 477689287
670364033 532847548 80696005 149604579 374000108 150078880 434841793
355091879 187604298 304058790 5648259 161603206 245835277 894500150
216927847 166763172 68039047 8367126 36678624 15145630 394797660
186365401 167555768 129689267 36609432 34146117 102130494 107374635
767621891 37353616 568447917 240750717 446693850 713655485 274708218
364055401 8994642 270805007 243903603 249745359 105258991 266297045
675783139 517739447 59156354 404141809 86011609 392695309 870298760
274502707 43098994 3066190 71807806 3321391 3545164 736726065
283923553 214201726 182571173 9684403 160452443 262682157 114769713
653759137 555337580 342802875 326048027 203454098 123581068 522438753
152881063 25645327 27206328 44285373 145812452 75396233 617200631
744517919 461583389 718999208 504175910 461753556 583367356 61707996
316800707 247549607 196657739 183172485 304432008 168656620 243942106
136441471 134211580 85732128 114569539 96872526 67901699 804296336
180629147 159369114 19750117 178634009 104606178 141474049 795809622
875705959 91122218 103345279 522596562 64544804 132491871 899410950
122800609 100636021 11526101 50106227 25515090 35084336 79673282
176707481 150346936 52218166 16046212 12171112 133855437 866411796
843987607 337922503 288902278 786909880 57963080 339603270 563087120
234670561 44658849 174651560 22219126 27017844 192580837 853182323
862853549 764874821 541845119 707126549 815836694 77432585 158879357
42779537 12289432 28100132 32595744 27702372 38700854 167260592
107430607 75046245 82248146 24647037 70036311 70304595 91144668
718714033 136633676 525641017 418613216 627900810 189922239 442539640
853321429 282823120 760601935 386529154 58784652 311846664 713688287
620117873 503140544 121895697 202303890 485116760 205810699 486317692
169141751 142151777 106550313 66010393 139883794 30843450 911260721
946156411 841128785 243927868 839173710 400490111 185292049 962925930
537566749 294203144 17481042 324610585 13585243 535357598 632478398
449266841 406483370 349307957 126283384 372570828 338822804 273204088
769092133 619751001 127734741 483631404 509609935 411616982 306407238
721259821 527892497 146774654 489838974 436087720 581710518 782466712
57297953 3736058 48426325 16387313 21883160 31498249 238037212
605754157 543520539 284486439 34754438 228404576 319464424 768222486
589122353 184609936 160642418 205691 236279281 386279984 721970939
632542739 408646022 406536392 620738834 426640843 565266294 550635367
975776513 31990785 858512036 704833678 186568597 568208270 146472381
852282979 251360834 723137452 846944336 383849462 490110735 739342851
125793181 78204415 46483189 43537715 47635478 8336533 129412629
266247677 71577579 202110285 130858976 48395283 117408241 763744973
350696461 9528279 65758455 251360832 138857984 168004988 542989067
415036199 53249694 255446098 118538253 228150082 361708494 63562246
145662533 131412208 124452141 84683098 9345956 27504284 712882724
351992077 124745918 31581999 131869175 252156369 157700300 755937581
432087829 33787836 251705275 5651102 6958816 83905867 506952281
975985379 569594151 350130783 497162491 678413142 959704875 74318139
797720167 473426618 594829203 343091790 628840829 261931541 138478407
107321729 78898816 94695701 90036689 7552954 44026615 718433869
588927919 451048748 229796573 343091788 490961658 111028224 70498116
717511853 169853587 398778785 377183845 10457500 264220692 533219914
762715403 281979912 574468711 328353626 89471434 314284086 492524251
942484841 882589559 14125390 67613017 894907092 831111012 954531034
533821661 377858416 105101549 81410088 126016667 57517419 477407038
138349501 99005096 45737880 93505457 103103439 51747984 407722375
801479557 315193330 506335209 526854414 739628735 686331813 446527470
999535499 767293196 764241339 225356194 932126769 902590838 698257653
45223001 27703225 14001081 24192784 22217861 18680602 136105267
752398457 358061529 557714538 2244230 413632447 575041311 591200654
859024763 133431085 442629176 108242181 600985305 158716567 159540027
677630033 626088049 108577220 612916152 653800729 121936223 897153660
844748837 450135782 37930551 402402409 156007802 120009755 43138521
400915577 117697904 17520548 129230802 352477948 126097768 751754527
520088551 190564268 200292147 120009753 126396241 159493505 736031612
940064263 163442563 27062152 97003583 936308973 845100890 138222195
890762581 351416880 478352428 105643343 27522790 7805897 3836998
431537791 125189932 225951082 325766817 334583655 129031551 44903078
798186317 102864493 776916853 479640189 684364289 142487978 22525066
738599593 177115231 656873412 306303481 334644189 432019866 314005495
205558487 31255820 156556504 33716700 64753669 117198152 957356179
281402041 163926171 37771223 217610910 150933315 124380076 521416521
897527327 229158192 73026298 439351978 816642385 353783626 90236782
639578659 167374896 417638927 205558483 129635136 117272061 84412331
570269807 120106856 397445280 363385969 401508895 561371452 808689089
865120747 362347979 368042958 394564858 506477277 311611299 997469543
75905213 23714108 58318471 15281382 18672909 33114976 163244895
271609523 172978980 30328085 61356021 26337973 80394509 136180664
769614397 557400218 204938708 476112236 210799276 382883102 150481049
72637183 28660623 52052910 52737802 36856086 26189290 39655308
12546433 7635677 10347645 315635 8099720 6556857 161126017
544639687 124583029 363014670 306720196 263853572 526795848 602668587
852899959 216827936 341632267 844059754 357386606 767012241 110044964
162823781 155425552 155342260 52998160 63121869 77461102 969444847
68217029 61912795 37868490 38713398 40281702 64480775 704496558
225294917 165865160 209786236 158338990 116127390 41812080 67017023
172321003 123001127 167447644 158120513 160732629 27888164 571500440
908490571 133420869 505092825 846231189 4512764 285618929 550727748
401401097 389927999 319110618 5582942 69137187 90113697 878294329
20202673 383903 1920779 4870715 9402040 16358304 901432133
15807137 9377367 7564652 7607409 14975982 303417 842716617
390876173 356448338 375917396 262042289 237471714 104238008 5541228
298083733 231966929 186825077 4695513 45173223 35084553 940187423
986274041 260620964 741548119 14323893 356496618 682809821 428853485
457286569 74795362 161592764 418595145 324785704 185839745 885562000
912921013 724155458 529836493 572086201 419452452 806248898 716646808
892843423 687850880 611950134 640950451 555196189 146321350 500156087
583360187 105522023 347644427 571686261 238808644 351058995 216673002
739009267 611687653 631497887 279376496 638462677 17808113 727416110
982883893 173684675 172654670 857198062 284843620 313257348 644433246
887681117 219639157 240126908 723517843 236138373 222845874 77133943
583908289 159640644 237455886 301947585 212088111 122629674 603667528
533862089 238266637 518960188 516184107 435918189 222553985 440050891
647285627 232374891 368876725 63968753 634969572 239284440 957475507
929590037 72769208 134330608 398795937 790464796 443383142 414958291
109513177 29863069 25751358 1233297 104637225 58826455 750391802
382903657 164896273 43462110 309072849 325141180 348816975 215729295
489976717 164258176 105823841 327389647 388270995 447901152 53508413
101333341 31078704 35798731 7698990 92625457 34510182 260647062
502224299 311578901 55595729 46437908 297680175 413266181 38638924
825947957 379737618 127353030 463267621 243579381 551382994 238771215
923589097 267177843 380419646 324767653 645717519 793685827 363406577
766719419 38839599 724127133 514711065 590222594 582134117 41158357
853196651 201905060 133196700 220424065 792127654 715330817 114098772
258355183 222975218 102968255 224028941 216046624 113349506 574708762
791230757 530280227 771085144 322868012 419285107 404397122 366477649
901934573 836437662 74379801 617190893 76448930 509381758 892307520
199391477 152467853 517469 19602519 1311439 92904767 860238435
189166753 62661247 128274031 67999085 100486294 178495558 980894550
195385793 24066560 51021876 95606085 55441540 16842565 692814214
835742339 510934719 10158571 25013489 13117021 674143716 363854253
52540151 9130271 5407249 43193705 28641077 31880067 188282787
700409687 475214601 485678243 194661201 69385737 226887068 822846421
101289911 5776892 13798229 24238534 85839664 72119734 756452950
885433333 885248389 496448910 401089664 882098459 245836772 426632054
244675423 127774120 186661093 30492038 33888123 22968894 412229065
875248477 523003893 617576609 244086795 137988110 111755075 247109394
767430971 228678531 197457932 75956358 326310459 340985653 640059804
112708457 87715418 34472629 21293938 1883898 1129489 38530335
592103951 360559461 12613548 90641176 555068226 314837955 701886859
798966841 735520747 176226191 131836272 672573434 525963292 723940222
423892219 394774246 244791599 110460863 338713979 107985170 51685543
112859713 80808423 7467771 86414919 17240697 59686267 394433165
994696757 108739644 75581000 940151420 979192412 13473111 53011133
624551293 57789415 243227018 330406902 181012094 472249583 20544779
2126351 295550 1107478 872170 1744164 1102882 965956685
402876443 253613503 400517686 251860217 192977897 147288613 551629330
622933277 66988817 17279160 335933269 2917040 353346837 598455789
460974221 319840231 277631730 57917180 313807030 321639972 294642322
854091599 528310426 223747844 255392789 781923929 88287654 825366730
788408113 589200343 345735571 422848391 743171484 382694187 800626662
473763817 41539174 32607090 105870128 437500203 320151161 363826760
643711693 19097650 214884522 56393702 101816286 100191581 603219399
962071861 129373017 196161599 400391633 571114038 363558719 526635503
874053431 742840363 435495507 114652131 645378003 586110071 152886095
919705021 642806019 212876721 159037385 273623608 269270423 320498432
738705809 257669503 562821184 273623606 218866320 213247585 386144606
799892257 504211918 701894020 427594927 449553463 300065618 381651894
677403803 400158419 1871794 61302002 665159695 9893187 280955376
4568297 632356 890722 3407151 4299664 2762036 730466081
210198451 115727748 207298943 46828466 185721652 91385637 953983694
525149543 315828560 36462993 110928 3187905 89927780 648435970
188677261 148634186 182368332 51679382 91256700 134887062 447076818
68696933 67158774 45713444 25711549 4334023 4090680 371367334
640715653 640251326 307888846 391208236 252945791 451467440 330378081
64817891 63400194 7709367 46344220 41533808 10050482 272832874
229352689 222107018 152956855 145212777 76593749 70684731 578893990
377903989 344033970 145819103 165809601 87868106 29543614 184610606
572226917 423864025 350289920 21934629 82204997 519932117 437612391
153787811 100798199 127726255 102640876 41347192 147608657 30430888
639208153 282901405 366682971 215920076 37216988 273657871 679726904
52802821 12772364 38320276 11964466 6062594 2173145 542531558
179058157 9382854 70947425 110066298 52015106 104179010 837074927
59791811 52391014 41767094 28549752 53675863 38367652 621139536
38076539 4317300 26970670 31725253 2237303 20518515 365585343
78838421 74181273 13385809 13177061 65986452 62802698 67299653
606985943 484730584 124642573 242460247 455333677 229308094 965330006
911207723 552981407 497428544 606985940 126504268 622071117 434128093
826984141 718996091 380073657 708717373 732622190 706445047 561124374
722907391 243791214 695559512 506312902 600953780 544703658 425455640
339516977 34145372 124241588 1219803 271925365 54307326 753612732
161637523 142058762 16566984 91310399 13201096 160143019 100600131
365607413 166657382 164641668 339516974 96441010 230682342 385378146
12750239 6117783 3835167 1331835 1578562 11626134 83482037
143394959 135750189 631623 108854272 30885381 106415557 895932046
812692193 595560060 78930736 474390 290527586 377918963 653415538
165246761 164302144 110907031 110338387 36552678 49102309 124322029
871497541 77808095 404988230 255345200 11927647 521143616 58917408
425343469 99444907 221404276 234501131 180525886 105411954 680661002
202365601 112590333 41352016 75494214 150044404 180153188 990756956
196163827 148014523 126102561 125827111 56858510 151694762 53474573
701908433 44520360 169287602 415575604 424545396 414763084 825164786
783268037 365177040 502418012 281134377 331026424 555892584 212760783
263591551 61317822 222781136 185061987 78860648 236451538 160006998
806933651 261345128 106990318 445669877 664286322 513223992 175645082
556488209 77887316 520714066 169198877 29057425 422586552 441386658
634600027 256813425 92614030 489068485 202487101 609251990 933654331
156390419 121416154 62235052 33106310 37173781 66044712 881867986
469841341 425271309 22210232 71542225 20285227 406537599 603926425
941517271 284825588 841442851 793365916 95045680 344626290 202706589
897332957 257279624 842441869 213654661 777535814 508095595 580828959
427684337 9817668 97929280 120024604 208094609 310413408 66907041
55773847 45650235 2526556 2133736 27045132 5123494 712867934
894147811 645844057 40774099 721497786 211284893 147373295 414034107
36280589 35360800 23016295 22000238 16976120 32137263 80206975
632968003 388985380 598751543 3994503 269410209 379743952 589066010
706355141 290999970 373773982 673388809 438937471 574547125 524578583
650452247 574460571 13914242 493632710 173324841 494014294 11298122
438153277 279872892 55494866 294512412 195307099 91977181 141582121
837481789 16802103 389830753 825600572 595727587 141942009 207542630
91652653 60910176 68449947 69027888 58012717 52287191 96364238
560434411 364201688 110653913 150551929 326574032 81437741 486682100
113650403 67265672 2350996 75024446 39317092 69364397 293937123
510916271 417043283 447658764 150129181 156914649 296620987 924825037
274306171 153222498 177313078 196024219 168987385 112690214 127158540
568480981 550013891 393973875 285798052 509791081 125179292 354673617
605976143 84674013 122615675 311592721 234702450 273010711 14805466
753816139 527905353 539580648 265126591 469552287 81521866 752433760
570532849 409370574 530311225 415506902 59043227 18328499 784025967
603897271 374670694 573339238 213025280 397586157 529320793 491064707
746233909 283816442 316981631 364644429 486463971 498197129 937983668
649794641 13993691 33685411 526736285 595121640 87472382 733317567
852501883 645344327 361236838 364302818 207582079 694966099 767774757
479693021 317461756 102595596 215686047 32434796 384440416 27573973
4952261 994826 2091685 1368636 3434850 1036271 486454615
215389249 13522936 165607984 194576110 152432453 1790198 916361068
681734843 580181426 530084521 484349854 585133685 19439741 462036958
68361401 5103587 11684604 32203300 65591816 10558084 525463273
817577183 460146035 442027340 738454931 502571177 456471573 400571010
5542409 451978 879431 5147130 1269114 1362251 32049378
613851463 337271540 60853968 235670396 47926656 228347036 667099042
184319917 119865933 120440518 65258936 166826022 82690112 553343551
802387997 472463176 748766821 258627208 568289382 357531744 293895338
767086517 111441060 521634186 654904344 41196582 503314490 335522419
116078951 23993743 7688502 114201281 40099463 40799226 616346063
650881501 221534521 320277784 112883815 4996616 647932536 888691319
404143867 368356717 328800460 364551372 270317136 195145595 932260356
984626659 949596750 253172180 149816390 14055214 736796173 674637136
864450319 340449358 843896534 795747669 630630125 662860072 560688214
745840283 232143931 229158858 33117239 478307360 643281839 894364637
162287539 108377526 137608331 25803454 8916244 43362585 16072545
649891591 218418851 534717048 603950526 352167835 329377102 819193888
854602499 240187254 210944215 216245066 660509819 163685907 586345990
83038199 15185656 77055927 46764200 54529513 72006739 394445961
763917241 643428944 101419098 405481714 195720729 447726435 116819319
340890983 23969366 265603420 209929432 83431690 227250398 714372314
824582393 804271786 232429212 168437266 357825806 458129924 459841539
750095309 299449579 650906884 79416355 746839756 218627281 166639906
569156359 4710788 12936584 133725331 340370801 280048896 873768720
670948879 15332085 116452643 92621585 20042873 563908576 933815996
140773657 130650797 136788010 129410901 95997393 74449534 513256253
481365089 432959202 305376376 388118460 342266318 465655128 942328153
725768963 590713931 579123899 490719001 533457844 555679252 822373001
502107601 196572211 272133836 214845381 175829697 22447169 524436961
975976513 353618725 741184313 578285310 694125106 874570040 44980827
683696687 530757561 104046264 365704857 610524676 167164768 179485445
43401467 17878382 25649588 618371 26412990 32050786 509641289
112696877 12521856 70397262 28942190 69472274 51091418 809583160
638819669 393960159 241030934 191614730 561124927 142877039 128181335
951533441 930694736 303471543 275276135 502606433 97591638 615991628
493294531 421966228 156909155 386556070 411336703 195959165 284997532
362166379 164979571 169614743 188127230 114973813 275517770 540729175
3407557 399694 728950 592174 2479405 2648215 332905458
315316433 183782027 295425611 288650998 300971665 41610078 955674753
608299711 278257009 379646914 212865783 49000919 514372914 652651934
139172951 70945135 44398594 54209291 39686765 118145976 332188817
52643501 28704570 9138032 39668050 37020565 36979231 403740828
382792573 146705259 111020343 303234463 328978670 320254098 72039459
