567
373768529 164400337 352920208 237352377 347266261 150360385 98167162
245019503 201089568 9266135 181993323 100582179 158611046 1958614
14481407 1996320 4606907 1137539 12873014 5952123 219975407
472954523 240898402 155484322 436522286 357905761 212752218 683056191
84695603 16161510 7195695 37869531 43417587 23007811 133914511
381409481 122916203 262564768 65284622 198382606 239558987 842527493
955381789 37036814 257076714 829326151 882703453 815139935 721919893
80846371 9492478 49077558 57284456 8580172 2231060 495391036
270798193 200919925 14420500 248199825 39702482 250047500 778518346
241648559 214721124 52604150 45095250 2222198 11875516 571962504
918015719 69171337 537855390 90172771 858189550 309905374 486665983
339302827 179242804 248105686 89370968 330904347 238405532 683520221
124428553 25396483 81301319 12760065 27403764 64936883 619283026
782238419 261945388 119431586 100861136 118841027 308125386 473704949
486226621 89069876 249553691 261945386 18286640 160200004 284006225
176158459 124395291 159877237 173775419 169515786 80080534 33349381
23126767 18884456 8451965 12364802 15004092 18318966 213750856
406846721 103797128 369883098 386937498 98920398 281817490 278421388
891292417 273090868 613382710 94062293 481703538 489025825 80545723
643369033 416384875 382105019 537734847 493243053 204483347 477021932
80081623 12549253 69461675 79007808 66856016 51047727 853856470
990190153 473441478 420314342 344611486 694272176 162467312 203707951
48268139 6903513 11516853 16974566 38851954 42019457 50882972
772200721 452377773 589712618 172302839 38061280 132144444 657627393
196294687 123766959 131268692 43609815 45418571 3717337 978471508
220154411 50265059 61800557 66273941 183231896 19366497 855918120
762054077 488826022 296012190 192583354 161012552 408412387 93065928
594274859 120609822 173750481 403386305 492507478 246844022 533740020
897814513 390383815 896065231 564982231 185476179 443308343 452304361
777687683 284148264 501451367 580444156 382639561 330641306 507783860
811914487 161804162 106738907 21707067 167357857 35388593 73432459
315881047 88904354 229535200 251037267 222295224 173823365 169461972
83979281 49074313 82591194 11524642 1052978 68659867 948324787
82731949 39449201 74417425 47681590 27932370 44858289 732762022
15170963 15043489 8630113 678799 5260081 10312186 558182363
847009147 168311649 836116412 601338125 366836678 529792052 7788945
746275093 542009033 696929080 48469697 650467933 232153116 759106386
76998401 8810132 10097958 39926818 47911558 65788361 162204174
9387421 7709653 6493703 8530829 1557472 7437285 933259255
386821681 334414962 358218645 143584471 211778215 372953316 837141278
424310203 164970315 209640723 328769736 2090326 226388375 463604117
151475629 133389423 65470440 55492937 78076823 87212462 33131815
172731703 134966540 145300796 58386851 81536916 49537267 905673391
22860583 17171369 14335703 9959511 7018407 13615582 672377594
617692897 104705697 535246262 122263401 323836294 102209452 538622819
632997383 133056457 474812886 39380208 207457746 573996882 261659812
693032783 683158118 433521171 213309398 616151209 135875480 896856318
754620481 134330272 454790149 417159115 645706340 699257504 341357564
553000583 280633070 545197140 368194302 383122589 24228406 387402893
458851229 202701949 222998571 336151837 409798616 147656948 903590492
734751049 302684071 505866692 245095740 562978270 316163443 215592971
856097929 408105007 225079669 359495038 435324593 752970680 890031728
915678689 506526398 874483910 345450444 524130817 608402461 137380275
761082053 375992636 333762519 385681208 528376083 592580823 300639512
973063253 602507410 226973850 5800817 180165613 723464884 441661630
948282383 138179527 40234187 468602411 105933140 154048191 356117830
221760047 178624634 82593097 154232587 164668972 190672945 126128766
11024227 5681595 8224279 9095072 10469611 4044006 830536952
15308669 9077609 9932060 1718420 9936206 7666835 398240299
32065283 21896666 29446228 2876281 3176195 29585709 608202808
457011223 325803057 65747738 220405878 267032132 104380072 192440416
13120619 10733922 551154 631944 12024454 4822019 504411659
77283533 60493152 21869573 55635240 23920080 51542190 510891358
380285713 50100533 165399509 130605642 182644260 349107489 432772043
73682737 21827600 32884489 45483391 30330476 62676607 901866897
12091649 3443690 2373722 1098360 1254188 6221367 86682822
6771311 3573369 4261170 5723980 6763775 5489999 424743577
403534009 122354858 164733927 117459450 208619692 321568011 936619117
16291013 1697523 13631838 13019513 1127171 5365656 374123162
409100557 195738707 84347572 106326352 387658755 292801624 122763492
236909857 163582798 121847797 190072306 2095832 72337333 689516496
124014203 80896494 85871011 39198445 22160623 66511124 780963837
226844659 37136307 105848163 147836462 26364302 190714182 587275123
63734399 62394550 43709887 58258261 43202053 59860935 762132734
903439421 767653460 5521728 572005273 417799118 742925567 454647883
437227121 274411678 430237048 138974841 185316103 36841333 976764797
875192077 311106590 675873781 1382269 303378682 814848623 61890452
471845249 68515246 340851558 297644765 13152404 121187522 171342216
489077593 404512421 137134776 175003852 27294224 114112648 525926862
302907889 159255307 178525081 177608490 83440267 283103903 31817219
277547911 31849022 4504003 31817216 98004151 229027965 321099290
397736629 103766518 207469226 37416979 319413 105400603 197824466
233047561 99669107 105266931 97611686 98781215 141501013 161402668
822835753 116989499 772052086 662300486 804103033 282419400 246802489
341915579 87558070 24438841 170283803 193120686 275233314 843885855
771819247 176603400 167759535 368219710 101320039 466475029 339139760
950488081 887542560 446841928 449186143 255338868 522930239 97908509
940934129 260917130 425331316 930203268 94328078 697533892 497742875
681628459 464628332 635153719 242993202 302229303 583292126 35857087
229539911 156463490 223603149 74849077 162012000 81521413 688306379
30215041 20193637 30152392 18034620 22894182 27382097 23439666
288425861 84822928 230882553 224111262 74016081 139802012 744287145
236175493 21668504 19753015 201419101 50218721 177670389 236747019
810754517 364354561 618710770 667439119 312825924 96538602 445634578
419490131 410366949 118091316 262319936 264969453 265939829 254098680
700722877 600413317 338251939 165854385 574268869 687312997 128970254
811207681 525383472 421842233 15703038 723516359 334796943 983054688
47125541 25569891 41285566 10174867 12075693 38586734 292270488
8117933 687343 1303371 906101 6829683 3672575 953468472
235708409 198446271 47717775 67610837 171479308 153235716 103964508
100808251 67493634 37330954 89687457 16705191 32994710 518807150
116697781 33885713 70920996 5988779 68944118 16420388 174275712
14691659 7970762 2470620 13996508 3949936 3363858 128538398
649105117 116105620 149430693 589509681 337390870 242546396 927918919
404281979 307664276 113828840 307691338 134670714 158613363 54897663
582478163 261381357 491717185 232950976 65722211 158294978 82261346
321548321 255827889 67145528 190135307 259727133 43231636 141413517
878968297 230191916 317706923 122144175 735174526 199390613 789880778
304597207 261086621 260692176 264360267 89512034 127328772 950589729
997233593 769493031 104681284 134737582 735840899 752589456 991960200
637082627 507597900 348392767 98758270 386868963 192869317 714015499
46814639 42644550 26429954 29991610 1001410 1066148 223735691
250640393 166656610 18472653 179153448 92792779 124362776 937515493
189838907 27261050 120251664 67565902 41218371 88966617 52361407
519900077 1150278 224313776 87829226 410265760 367270672 170544779
678389597 173065299 468834595 596777770 564121901 617366528 506224647
912610619 774714845 76143982 343030861 843765750 901797543 90415698
334151417 129010482 149609403 234341782 114903792 23662004 312505954
698609663 483243721 142325250 697082982 166848307 394833500 69442870
467956949 392625487 279657451 15286770 21990650 463780346 118048977
76182317 71027285 257211 28691100 53302791 37270075 279228702
2331751 2297828 1150945 1003720 1260751 1558047 612038334
79990789 44575033 31580896 52401508 79060942 25369271 433226419
312340087 231305207 107450114 171813631 189246909 257958449 134229670
675516887 74536687 481562754 654810204 288908404 374954379 88221414
246210491 170807785 36589492 99402712 185904407 213882629 401107423
192200779 107787081 151361122 53461174 107916979 72390719 21333586
990512771 241131612 886542796 878772089 237924222 446666903 593135468
95882701 30691550 24186750 13773940 79296999 81952105 745131312
699371341 424764141 661288475 330310592 698983577 609687525 19200497
825932843 157053575 725108729 141004044 261399968 405298476 544352026
9795259 614658 8116528 5560721 8130229 9039528 458192301
530269633 307102660 14012581 518857842 468824377 508911255 182064283
940611877 763546985 210072469 902794968 145426980 42381587 84859253
977638273 122301159 673397042 316984363 712810909 32245847 48560902
632731943 159036577 52770646 95702490 392645053 347404124 719032807
131553281 57725824 99349364 110809662 71568757 60686575 935382359
395240683 60746213 125360582 161682073 384538337 7111781 920203554
692976871 571319146 371055972 58255844 214249117 33985679 91041383
540628381 504945822 315748932 132992352 470378466 259306664 592840526
533776781 266189985 120769654 186401361 167945655 489264229 452072726
988685129 242223153 236037795 22321716 146044702 828878320 538385910
664741249 53455327 605197332 311190061 64332497 660840841 811903594
157615327 33659500 63196283 33958633 90657595 147891466 413562142
584326571 330675101 3055991 17451694 470999252 62874768 27105598
55010993 4340736 41753266 21843825 6425776 49229631 729569082
13987969 9071341 487260 12328698 8491035 13531478 395927449
25085243 20797911 21070611 23208310 8418030 9978438 238823357
889289309 94865930 743546284 431375384 144412603 671963463 550887555
554575897 92836641 297315387 69257101 409407893 148272840 942701651
232009891 176311766 168328837 41197994 219712560 74887755 917553790
288549439 218201950 75581300 159348806 36265092 286991187 575843414
730312153 75617326 556522493 244184724 270364316 427900434 39485554
29572063 18015049 15079718 28149957 14852433 13574074 675676169
816997001 673219629 329492458 458660661 62061151 414509781 123076312
441419453 180617381 32663544 405499636 100123562 233692028 782966080
275625137 219826194 236737734 54169468 21937743 250367459 90398926
102820163 11982853 63061464 85598874 70173356 7004383 614843828
423684473 52597719 102060079 275625134 95303295 338797813 29104214
260655677 174987337 63053755 236223847 17876408 191828616 224895380
61608511 46737488 31190446 29766775 16240517 56491806 37118939
180874601 101862298 157029671 139092568 135411036 11645241 77042891
894792047 573281059 248772165 88073011 709457451 240148613 16438704
251623501 21124481 133690150 141555450 72969041 201366549 850220774
691094947 129348054 142898281 39078507 277208852 586743994 437707107
599624657 466869789 589768994 37362069 10481085 210962682 871355299
431749489 139561857 261056049 290223454 73018325 168037444 263819901
256071241 206247406 98990143 192072011 152946530 64116762 71649601
665452717 510074608 342990129 139561855 537427430 399510355 309782388
494952163 425158614 425998876 342134884 373604860 12353794 256205163
158293309 123027243 89604504 146727182 97391051 41618409 726118883
5554207 948669 5080986 3551193 269283 2981707 323657471
593754353 107377978 235463120 107067795 476156380 538614036 893885061
277602271 51359816 259301230 213248383 105607967 217046302 874062199
101086597 12574033 90614193 38148353 55012041 28404396 393400358
531415039 510644089 94525342 463351382 298563872 93374661 997108373
591436763 579563595 514676786 514251999 150493126 89973893 983416379
77941723 75288279 15827092 59243389 2854725 73432607 164921800
706794317 373832903 568402923 674206089 304290974 132983737 353770373
253983593 96761436 205911960 51426248 117604874 215949595 609929997
303123013 264483478 276377344 116035145 60632341 72464456 587508067
410830487 200994125 391511612 205911959 132999983 195422698 848626415
30760693 7428026 17290751 11498021 10482926 14693435 874006002
625879339 265612286 550756521 148606570 259729290 454790864 565162212
25106891 10498004 10225115 15972030 13774484 23314112 719116844
123133909 47092454 43057765 111344666 70265863 27175414 740536309
201887617 129717532 76290222 138038423 11050896 120859977 2028129
686911613 345593943 31548676 183681844 537968675 39969194 702108577
702673729 263366043 11192872 178524262 298517382 483612094 33528774
284844113 187794888 162710269 13056295 66370851 10851657 103974375
51960731 46355628 5527562 25487384 9200160 29003936 441097958
373704671 338361839 59578467 254247207 284499198 163552841 640801304
763558153 46162892 276943937 393251589 242472145 399324607 768433441
986749457 397523415 732743577 576103660 656131068 177130198 993129682
635359757 611270406 133601118 60718371 206592437 468564264 960982877
340293979 55075671 184922028 125924983 51171703 79068346 144347478
101751203 28006880 52198671 54844733 77737423 46831192 914698419
819507511 109712796 136343230 343872488 274813203 128503025 648345623
958401079 957051354 758842305 120361977 682667203 597638232 539419015
420183667 269141161 171245555 181270938 51625172 103820417 711167403
170147729 62716660 147487731 57876681 64792948 64535047 788329800
981322211 412334929 801099277 146014734 516155346 346105242 86065513
646150691 121434707 609813735 160773983 328391197 121526301 464368083
813501019 244924083 74900660 78352297 693362942 220915394 594507645
405260549 173327117 379525672 30834881 170888802 388367759 974040592
954152141 803812974 268534011 724442470 498883146 346886308 37974926
629693723 263996119 13622665 281360299 39562943 514635227 660885972
397838281 172590759 608303 11346851 377097530 167220294 29709568
101723339 8249578 64307638 3508141 15699052 15816761 735675092
78125569 25161622 4122546 7212258 73159276 35969894 996132203
66931987 31760419 42314646 51406949 41572997 46415493 172324173
185073059 164056079 92435120 70118162 2542153 45744076 579184036
232282397 84116318 130337043 225375799 61111944 13654387 274541626
357631961 58554847 341102296 233390545 301933883 117661649 686641284
363262723 287621084 318010011 64263848 262453476 256764744 963998027
35616601 20027955 29902305 27913549 25108374 34163356 587976016
226991659 40018274 144258346 92348739 167668237 37916415 144131508
820437089 146222880 191277869 249889400 161574389 633869968 500247707
344276743 245904931 229128009 111301275 179766757 239872887 473115274
837339749 546596685 796409006 672953435 692819565 481077406 253573117
345099773 271714973 85070418 66458447 206216910 343486578 370554817
477778801 321024966 131326674 414997211 155162652 209359307 698926483
686246167 655598970 417828639 477778797 81910403 549155313 864874931
238942811 69047935 39118164 194361487 220353148 11430724 426469555
463138453 287773475 414805755 433304296 227943956 440983648 322912306
673102657 30931369 14541712 124750411 429643219 652934042 613292307
743946143 418865858 712328601 36078871 738125103 653268318 833405858
530398229 69760469 497655810 51983571 362489547 89506674 569906596
761581411 87136576 662121000 35131596 456631340 21264740 779077738
908668259 629483200 404270086 719864605 57378477 619283755 363371468
419592287 379100595 346646693 43483056 299103435 160691109 849467645
595150867 437416420 71248013 136489667 64388117 243434967 856881036
19883719 4389818 18690927 16677446 8490145 16559406 118867493
141869977 122231703 70182830 134866840 20761073 5258172 94450487
693696613 364751351 168545907 46120359 37533661 336925102 369814627
990936343 459161001 192530708 521998332 135420049 46769457 611767692
74101051 60909402 742843 35983400 19168837 62061842 138726598
577374487 337040953 320756289 240486804 249191336 425980573 994666643
178580911 36533078 59910996 86976063 34635944 65201554 92857681
28867901 4066755 23724345 26759365 24917994 4416508 207005328
85401457 73260246 68096485 7573566 44610847 24639453 635227317
19565471 7237276 13258937 17036311 7424197 10258346 994939554
892321523 39426544 257842478 689141463 661070485 550920765 428918893
123840833 40296816 49315790 55557431 64777057 39967489 32735268
290835889 44493224 50282664 177848714 48813205 191003614 558285941
818053969 276778756 810185265 616237968 22361783 324438667 841286020
787268459 713797807 227218615 436907516 149810459 435496716 675929131
826668251 323494924 636815314 276392893 587805675 288004098 184205047
860698931 835395145 778738720 28890396 401610472 739624904 429472860
628151021 183818769 458177610 198197853 61467853 289246886 506112667
65808857 7920453 64637060 31620924 14857745 17491058 906180169
953399693 695367624 513282835 540521894 387086631 952879698 735785791
151620431 51130885 29603402 55388152 19036596 90906792 431147494
509999093 283070578 107729682 74498149 61246135 233225790 145676110
591720949 227089083 41777611 202260620 484277818 201188613 702968704
479840897 296480473 134447578 108943509 294959178 7419827 469502837
870275083 747681262 707470363 410854421 824725241 359178085 760970402
991480801 372419946 202271158 618797225 379839773 671773994 86921997
878220823 482294130 211830590 349534397 584351880 5383761 436456394
387396859 254983581 220229296 282823235 200566953 233136654 877750406
676174381 466905347 660426697 333385048 197642519 668592889 897564402
127118267 100820278 29095169 8919027 12968984 57316325 935910695
740296181 404487249 549429527 483920256 456052711 207678634 333659830
720514411 277157995 61298257 215396282 512565700 538331637 130585964
242363129 100254456 233812345 34836297 197567455 68988005 924049805
380102519 254668680 341641232 221575624 206258506 35038197 455506454
276346709 34351687 178593589 275012402 136685743 138477621 125341720
247924543 138773325 966395 22040227 247181845 113707379 216661843
527047849 440300074 177319289 369965653 333322989 233621026 756198840
624332099 413113318 353768149 336325344 315829066 325012373 762308833
488998189 346018013 151680495 362247854 294066302 20760766 979888508
589922687 7830009 357005033 317444865 516044325 288442258 663462880
242695429 166737937 117360826 71300929 135798549 2679216 16411646
438981353 274150304 206392302 249026883 184706857 9889018 494940388
378379007 157643363 271605408 75594201 237337962 153094830 675692185
947569277 264661889 740948762 740717897 204944336 35974778 554474830
392399071 10974140 90237005 47891062 95229241 260634516 240781775
49133663 39436137 29147969 509804 24983826 16066365 489134625
14749997 13770873 13777481 3816227 13328159 13802566 549364159
300646111 268121414 143168728 240781772 190325407 16053802 614561875
372201589 161483901 357833081 308341872 62993490 148080530 700797489
26534147 13863672 20572767 9199573 22466699 17688663 812780990
646118947 119430618 533906323 69904370 396078092 34521282 144309380
731433233 728997027 598892608 365057524 317717140 252008411 391591671
994934489 835068905 865234839 170090741 176232843 525466669 637064257
88200407 24086191 60063854 60825374 72406658 1246632 819529657
900585211 520226076 198720871 239560715 32995151 687573742 424985089
161086021 140298816 18161672 86389253 58067736 125414457 979442944
913800929 617439982 531935330 125496804 128227984 30369035 939882944
477502007 76151833 40880932 285848199 106520868 310782233 614420470
355261157 343778638 118718572 141495982 119283035 180942876 439673677
903378293 813891059 787928592 116349716 556180529 238237499 60827667
478081711 332574181 341992858 301883747 174392064 197297313 480946941
564304957 432064289 33361556 282697298 464172888 91404992 152779753
20224261 9937845 12675358 17231763 4212688 7065851 839611598
669274691 319791162 582674510 541271884 502469410 58102710 97378925
55505621 15228686 49001617 32562545 14867107 29400447 153295923
954475679 206712126 71817590 685156175 808521528 172847529 505579250
125981413 114236943 123639636 103736599 48552182 117441928 90211992
687601141 157325076 486030660 439513232 249785789 124313986 453688921
823245667 208633855 446851409 530061592 799878612 360679130 236124226
755933557 312863326 177262357 425918213 58691961 328022479 954064887
3802787 2622598 232959 2650629 1112307 369926 448060396
605187833 336186979 26642172 577692367 62136627 99415393 399727652
453435949 385660654 359623370 430484529 295795922 201643882 539288038
380894951 355777507 119909990 69161865 42048000 248232172 71310265
541653379 216090622 361737153 506660650 494548449 100767926 258293035
177859907 5379619 23339868 37593456 8749093 107770306 35796716
28051273 8268505 12304193 19632166 17154651 10691408 487646916
43134479 38724106 36409555 32706229 28457385 40383791 398219008
98255503 95711955 50219909 79541639 53340521 67537406 910855032
444010877 158856815 211756318 111129234 249114938 429910646 877719972
203108579 72868330 71725867 103550337 77194400 78475598 125637904
536358839 61978145 480953522 266595160 265086722 291490198 947646765
50169697 15068406 34670593 25133884 9490927 23912355 41795681
54201451 6250742 15499324 45090106 13016795 1721356 941361296
763861757 20639343 408672351 230387438 396434947 117340548 753753002
547251493 543974748 46753141 520728814 254855841 325525072 476652660
88005823 15162704 76953800 69730056 30971307 7977001 754829728
80354803 14850986 36465561 16918913 46922455 70701679 998617870
36450959 21160017 24879806 6188665 197516 33289100 118932962
300022441 220612071 56648270 20083265 193586581 175318758 567117927
611968367 86275769 272230234 254834661 311170188 462380481 563907328
597527681 410276830 455934637 409276824 380516333 352015979 834774262
857949193 185798312 451012500 454757756 343178455 707578772 854303812
277986197 9637591 163330207 172845912 153723015 160445581 119564965
633443203 536608893 309837513 131190431 20163359 333528462 968430449
157122529 68977544 113361444 129127996 6416293 121265182 31399190
69088577 13118946 10186750 11377595 41331476 13240948 750609769
930647833 224653156 613198121 192542100 281558624 6988975 109580681
97354489 75881357 47684257 72007253 53754517 77628435 615853209
684487117 115896134 406006367 109580679 453910450 223393583 693534524
710263993 333196002 454837753 468369556 307419125 570733887 584639918
24644341 8996606 2363033 12687764 21136913 21576379 528310062
291587207 260366853 257451205 22147159 88540991 108146103 499307486
54462389 38379718 29780115 54016769 32674408 39210671 604401102
191686123 31018714 155155917 22091581 100053347 147391264 328853894
315888473 205554687 241521076 44445331 75198865 111917513 697731287
500628509 112386903 245558581 298448681 67027073 137998137 635927323
590980919 158521692 230423930 68200133 423900892 152412977 467319758
108538379 6318257 48431579 69173459 79329114 32832732 963134481
266946311 93552440 79451662 208839208 188062742 114687718 577005860
304402463 1877073 287434568 255074823 293148304 301912033 639589491
291903673 147276718 97687933 7443230 36132906 47927551 374367123
43570489 19935074 8678111 1394771 17358793 4806725 29319230
315365497 301446864 15393669 21356446 215655007 82425983 999123509
638384951 40301793 201335531 518845537 123775715 367557973 850261610
452844989 302398264 103858805 28039452 406327656 272362688 666424402
182019077 166278372 68372548 23488525 91498062 164875184 167642486
260118659 52837122 183660522 73998164 203902284 142566524 64021987
634467313 317591662 371076621 183660520 179166786 200630252 1168996
941886619 169041526 17271188 14661921 22726871 689330243 198259022
692194873 72990292 149835274 446700474 375425109 569519634 501137971
886320217 541192728 326577356 864610718 745697270 192630557 802059030
270427379 65292618 172813492 140452002 134556583 107228625 39948863
356426593 178638301 110047666 270512589 126253744 348066175 293911534
801721709 390395460 10310560 286155302 315060897 81978134 801545264
113427137 97137968 5666680 13287839 91765765 55308343 596568705
660799063 107964977 349156934 185556165 259198183 611148423 476453250
884975843 733803442 524168003 813644768 182888498 590159048 565214550
889856281 375773740 399174504 782028917 819257039 529591196 977185532
884107199 312337531 320107764 70645715 33652587 626022169 788665590
405758803 4637957 219923093 371883992 25846921 216689630 38290450
360449647 190795125 256654786 184223578 192426712 333718555 216530592
554675509 366344148 143645010 216530589 250602167 122556866 492573116
384442103 252996144 226093178 132559825 330933508 331895655 130925303
545975263 463234331 543875173 125729480 471934575 364244058 877867896
188840893 83164578 124815900 151217607 126691670 177086399 884800422
499846441 78809826 457847675 441795723 361767174 166520671 75144640
328776229 980238 81431049 71700869 64056920 318859031 62544701
404265053 215520002 187184910 155778466 280998964 303177523 32087527
198059749 49042602 64333839 49485953 121288556 19020225 670866784
306674813 248473493 112380564 86087795 103506924 277626627 813318026
507771977 493146629 492730959 221089975 59359769 288136505 760949479
561434399 212057897 367682456 308685485 40387576 96249273 208169728
662534963 399044354 242316769 150783061 421867643 72928435 328872276
41961169 8712860 3192774 3245945 2679893 33757057 956886189
382532693 355894474 61834510 21416541 124858444 327235449 153667415
869417741 143137600 548772166 439905752 744671093 843835297 558631789
80294987 33995033 12019451 17517909 49767317 79918739 484358648
372515497 191589176 218194183 372155595 5487316 119404311 37928578
9027637 1064796 103411 992738 1540491 8177300 718831085
175726069 162591052 102641907 111805308 18317339 65291775 361260038
578107861 218587742 280999966 399308660 165302084 547102948 488195575
685541 597302 631883 531691 665995 587316 809293115
335397427 83572950 115739008 130160177 313194481 36103890 334390593
777836651 120666494 237372568 236623342 560061119 529273375 932658917
31620793 11668695 35612 4470080 30059493 30081626 483158654
108037229 41634803 59874912 93056892 21756560 73450157 518178949
254034049 200233792 121909727 124547020 71121616 98953979 238460369
400116091 272290611 273185720 10361079 29002705 319297780 47876972
176261363 47501760 153187892 78650953 77794994 68011915 860978917
505010917 499210356 321059263 310109013 443789594 191101561 331783544
644699291 131635929 147005930 26799336 74983015 182255213 185744806
19958819 9192377 17818499 18826218 14078822 15563181 19378643
556667591 459776397 76996663 114831034 66123521 259251876 413911024
906506297 86242997 175049960 80682566 581391941 306659667 253616238
899423531 171178401 557953084 397690176 567804042 40079851 587070746
80936761 76031514 1026254 68838716 1239176 32866070 910661989
45421507 36063084 13900136 37203056 11162810 41346114 473912923
108989077 67022680 16200161 60244037 35392108 85460676 5252833
134088989 58118556 71125014 95246477 49976727 61031930 204970766
466750901 196850916 321916858 159823980 116958056 372854469 631201699
84329263 61945637 42347239 45535956 82520246 35496437 123319067
850246973 201318397 820566603 181397958 668069296 736937476 989826918
450020251 218761892 248033442 119033153 94637811 362127207 755869614
84865783 82396829 60048491 31686825 81229188 56053047 963157502
849108193 331259010 214991139 490160658 395564942 628479712 766275123
167844169 37121467 76486264 162260086 159445447 7882870 278072932
887557387 121703516 524892713 497948422 531820223 231577795 663578742
355236059 346764937 174793592 103253892 327946753 72358512 568330471
175601077 122140518 162316642 62421082 136709513 42692283 77201979
241417207 216038981 110694457 225145811 182249013 128101370 817379875
219417167 81653335 94559583 174617311 127554268 24277911 137037179
835534493 645254248 31054826 505430717 566941776 478912959 481029540
303268307 152174823 252846396 200807853 92259941 161362761 992158616
362884517 32016664 315158880 27904603 85737479 91535508 391430247
316070819 276035209 202137598 243946595 91214068 285888441 24813600
805234987 34416038 785411308 354323366 182345765 202529171 142109466
160819027 120763976 67604695 31370425 45809337 55693603 228273055
576007441 291531988 281915906 389722540 119686001 150508790 617995595
150190531 114064631 137784115 56944499 85219662 144218725 801376330
209587867 175169440 150547573 128645751 86550951 120093259 364055945
450688879 116092810 403666114 105637988 258945273 157569193 124446930
987400433 332384017 462397617 364055942 67765887 925686060 672132175
135660439 98974860 89772250 67707485 133380905 86082507 771270293
522880777 316291067 196686293 351441062 256454406 24074231 24025754
673241047 515430427 540360552 185513631 402181831 6963528 371912509
257159267 239475648 132819391 184936841 168189241 250928088 578197384
237603703 59136499 187507137 71881890 40029496 234485204 605522438
162722299 98589370 2901693 40638669 44441166 19979435 743455385
944681021 243329986 115737120 598948024 446715318 116596491 852269684
397298477 70689958 298741396 340712630 363274653 86608563 854225600
389026457 105269472 249959420 78961977 226475565 32382310 661999805
877384733 209846912 221159221 249405527 493327439 680834712 831177028
101587771 8093359 95391280 45586051 10180137 92659794 228511807
681261367 624168977 439935852 278398764 525966744 208347413 136791363
57614087 51774321 17023931 45346755 14744495 8978819 655396041
583175149 501523565 520275069 522914626 314862871 211700134 97436447
533048053 341128305 315009784 522942710 304594709 120069047 161604935
540096457 219810006 242533286 452103823 173715833 403974358 512777552
602791279 357777826 142573540 305101656 483722753 221101274 517589304
350317109 142365557 282641201 183938201 103205714 33872282 909753581
575324303 14635565 290956115 30631929 5836604 66952869 938524865
335125727 305729389 23073404 287902053 74749186 30687075 508215838
931837057 205838357 181828336 242209709 415862581 581888214 238240004
796315733 626384891 209793872 230159835 421884952 600318177 700501668
800821067 140289625 489851042 318784809 167221097 229043441 37968890
649188289 292912853 59791621 638460863 171552074 4056632 429979613
764846549 48847315 104336759 646810009 458942283 72595469 761002829
77808407 42242688 43563156 29421163 47671227 50171322 302587105
85047607 21700467 18840161 70055845 71993557 57737400 248358615
893804239 718761667 257992116 338451366 651422627 51766997 509931696
978736999 806715623 146246411 856617502 180919828 249062053 534599781
593049757 31716975 546198986 297464112 77654661 419164234 971030604
544674787 127440461 462907981 445250203 502633342 235539540 376027920
961054781 935984696 202149017 593649675 488929559 178605186 894674723
558931847 370516925 263277998 108016161 150300640 219400981 854118091
363802997 163416820 351194353 208378700 1762841 122218158 788717252
15231077 1205694 7283850 6004896 7620532 6164978 475808087
472243997 78641951 162850305 237944830 26589779 386223842 279615235
148022801 85962128 48153843 145493229 47236621 98631427 642298637
900439091 445413734 848327222 844043990 104061641 848731334 821278927
683390969 609076070 15931732 566745683 180141699 520892070 448769825
706457057 688382967 50813339 130370267 567489860 50987861 867636685
598467547 380899092 398071290 483509252 96518080 348252371 471247591
295891223 89224783 231094068 247356374 140038122 180247724 817194516
344130121 51575288 235788047 201313700 187358267 112878866 67933833
731657999 645465064 240317746 554729593 383139344 51737941 530740982
346760891 37998233 310195375 153668499 168099081 61476369 807686664
327341191 199336802 85990963 16533311 154082959 317756818 660555263
313500113 255182899 298760251 199571497 93552070 184464447 27954600
726943507 605997695 197208643 619346993 521338605 43228517 847254132
537813667 15670094 190487461 506256743 359719568 219969290 720200234
627062309 76098324 72630776 220191820 224100177 204626670 413347513
812138269 130813032 133219613 640306242 536261346 137723284 257080340
641352991 107790333 337105833 610012500 277528862 8589513 865881666
480929513 406948013 282631654 53045504 306928270 242937236 581172922
199238863 186266417 76808354 35607321 53471009 68502389 141259402
690902353 53716646 90901998 346174441 93482689 417980787 7993184
912732559 602582911 124221543 286506300 749531417 599507624 398572818
300878587 95976899 127901303 186509413 149693546 7069894 572276436
226131211 176673701 61559525 141700608 82971748 26047295 343494449
568497389 464961047 278199290 216066096 51975952 115161622 98591982
545838791 45893674 452240980 71670758 457762209 419093509 82470599
842763277 60964210 623722797 106117005 540381479 628856424 135097050
407711237 315946740 243831991 105986468 168247691 67348174 862799198
245074777 99468025 21899024 79061273 47679642 71229189 15309351
370981477 360630736 28347100 231413211 158009605 297120622 396303838
897856607 72469497 73345852 284821926 748914803 341768535 66507579
333481381 82235376 302030771 139490757 97100582 253643605 206616008
407359133 197903546 39195626 326573263 21957624 13761936 69269114
120567257 27992938 59514349 39465241 59829836 44023752 591003383
14618609 1466277 811387 4849408 1756775 13894327 405180265
226896889 95033734 88861191 216525638 49478668 168307089 715163568
433014391 286874374 151222536 300274966 254314533 60345734 877645238
105466211 61122216 20457344 60263514 102862881 44251561 858608610
39394921 9805116 1302995 11920982 36378740 7829063 97669857
804861191 190181720 786105138 50206914 715769875 416122263 821298511
103263961 62208146 60396193 8172785 3636282 50296026 795318002
441212209 413373830 261408056 332347402 231416984 171541944 137194117
512885129 104476538 103484877 377430230 362146045 123289259 978985791
442368193 352176977 345430037 319439074 245988225 187179979 993460160
31668893 9735448 24612671 17043653 19205308 19788734 774500600
329001073 60992902 24531230 174375241 71232138 291082675 941756445
852639287 99088539 714785783 351061412 113772683 321682330 79288226
404298989 264249224 271358882 315736246 298488191 354190496 405260994
516441613 509659265 309313273 437925128 127730187 175520721 3646878
250341341 71882685 184335290 79369810 2205967 19876916 312697269
827368979 163461698 261985858 602240952 215265162 455455117 463676483
350351669 26229642 287406404 67954407 66284684 98383021 11769460
643518377 115864289 59057618 291247814 522354026 410940472 793203434
993191699 378545817 88023583 886458631 909783615 992547235 719108023
590934583 152517025 138843663 69409043 225482945 296004863 450210459
457176383 67136856 356096604 115864288 41702079 244073908 234947804
80655853 26666969 5167114 24565709 49236201 29844113 531930556
565010189 296604645 516450266 221672997 377260496 139418752 952742789
329445517 75790548 103560618 225677552 150508284 302752498 748576620
536327791 245619654 26646386 372633089 197428170 25752601 334098793
455928761 156546241 785989 45442031 142153114 223400399 938612437
292992487 269672459 71364382 224990245 25136211 2577700 490477413
621294253 235947244 267408850 340956674 175264919 246099154 702804894
66115723 18105841 17125462 48030341 65942788 19553060 605224751
56241149 22969227 43534562 24816644 335987 37559065 476796575
211547579 24874212 37379388 206747055 140206107 202379585 409137733
145473299 98886885 28831629 11763481 131590703 19855278 417065241
10066307 7301134 9772843 1363707 3720279 8963899 133100482
249865927 119378330 110596963 110257957 171995163 63315147 446345506
746640173 99698503 617133282 535131955 57719287 33230686 603892614
673626197 617919761 59527660 258516914 627306758 407831014 911808190
24375277 4928314 1410748 15779509 22410285 10705999 37801726
293382197 186625715 283120368 56639194 136539078 43432279 807300061
688906601 361427380 312236945 614310237 116626087 272867055 494408434
852091733 727469740 221412598 45156602 513731905 374031562 506140426
8248507 5821516 6875608 6814365 6189394 4870263 44131448
907778077 658776624 734369701 266434851 162707660 695951748 981301161
607181857 234884159 326202542 153515547 78897402 79895880 558316350
587140859 401977809 106307409 483344876 510788699 114406640 686102216
354473387 242055753 246249992 346970887 172146542 103800749 690562945
875926879 379509651 670005 347265012 758260026 446172291 837959814
150485189 9674484 71302892 125558139 127605565 115921061 781001903
5976031 1179364 4764733 1718187 321110 121639 812475482
695874761 471648750 195934673 215388686 67665747 154576805 384502372
200624269 90576838 146234045 94627527 90852058 11093281 509170141
592441471 271599970 482405317 466018980 309116844 188914547 729402240
670045433 624079331 282817160 423722811 101139560 456498017 211462384
464508091 45874737 103225012 63978731 104446184 334416169 99068806
829364719 276729981 216700429 153213699 10503739 90252155 176525196
449015779 384670533 229872183 113475266 355435842 251457499 290000462
53760943 6125133 52787805 39861876 5862961 9342078 560863623
51448909 25786417 7258497 14836415 3092526 7430249 598597651
429105727 322790930 1028261 131757893 120814189 186681856 500517367
544879523 480828339 195510079 277714040 222258456 76342645 874042471
434462309 62284970 270979467 40845506 263389019 162911477 338875851
28105723 6289165 21437249 13322368 16676153 16645503 921286872
124646059 41413619 57447195 51713474 60638275 23428053 865718053
637155751 568262334 81173246 482375509 522107516 6495249 524703068
386823551 159102164 386708882 156322504 197930265 345741949 187074508
450471871 319788600 3650080 379155340 394973213 286160808 289841391
602586073 549081520 543959062 111819163 123541941 311491134 138909223
446295307 165093819 304468474 320513553 77488605 116916489 457460650
506497049 467650148 221977176 480377455 435174520 183576647 593644523
44794751 28348429 39835813 21969031 11580519 13998662 157365480
151547941 96291489 5370272 73515881 141086239 53546789 360078790
221905423 53674792 167609820 1080573 160179608 16493395 125338067
144594349 5888067 108113939 70890089 79699152 93692601 685056107
110082443 6667845 6764075 73389607 67782734 27622121 836010717
