100 1000
597075570
302146628
10766934
322605877
129616383
293531514
57790103
931910625
64613379
747767719
902694440
26494467
680989402
103117362
909411743
617580451
809753575
478935203
245619747
73085171
78322895
451010351
903066977
282246621
60449542
494371574
388404992
928461097
289829285
652227337
788545588
886904855
954373965
799312522
62027084
936506700
945360388
119817188
720933678
9973767
720101259
476144470
888984587
253607014
579261832
650912682
871187465
241531759
129847885
116807213
314616930
208170781
420333916
70200260
342933754
333299811
564571834
731338746
114277260
854401120
236082436
902822848
593822327
42972753
554651722
655849412
979479454
352528463
628182952
700413132
215018582
200800563
29073954
104003169
306923929
608335786
607432204
30627747
849867545
737280089
147434960
17000827
797967222
420285228
87201087
140900976
753585039
651772922
724756075
867862300
506174042
960838511
623201500
99996369
3811264
30369575
608362133
983290718
382898038
89061437
