1000 10000
150494305
367315533
43281384
465643493
492981170
447944017
640869431
875875650
128615232
512050579
927375422
622844285
625201286
728923785
825089795
189680531
607867957
175027066
254465827
732283066
935075773
507107264
928209539
51686472
318311512
267023201
498479428
897495330
204630854
878797058
908113203
355125159
98628943
951394587
820768652
591610113
399338604
314154435
320002116
380470188
826205015
99893890
3314473
451406301
828817675
680920620
641086832
289201985
855947686
748069011
874001403
643539811
107692628
802210942
547742636
426004140
69234144
898738416
176015822
126381350
630051826
84129025
481506509
728680769
35523612
154791513
172807235
287378568
468945949
492809351
667848757
147667316
592703241
523679582
599073617
274037268
57116555
92676801
415755605
913064241
840745812
289757008
409120405
948438440
944484303
809379393
226958932
866234799
708117809
402974755
992616149
190685988
487103780
326639010
919366757
375143745
481430523
92173992
515038665
802892824
437499695
35403774
950560140
30202936
559083357
402150109
156756557
616199912
494826910
572512162
381780505
188089075
714785523
643417262
989043867
659269826
452796655
216002800
378020977
13430817
618977555
370637126
204116805
958597687
697276136
123483562
186257784
31223011
68173907
701296450
834115836
505673602
736700224
637192328
388392891
148299933
39342438
397665800
764499845
386685700
970177962
998796703
574774775
537479837
642213965
416334995
49266015
947526973
632337795
427286992
960957790
103831702
797924118
17590947
62429389
347716606
993590861
101203526
231455970
61764768
802499976
65571806
419954723
539200200
555280486
660863966
687500134
594622924
58529766
304516331
981308625
881224080
155829386
408599752
418703918
798043352
824934747
467969933
598086677
309788894
895256926
411560819
266136948
545697396
429151766
181082690
745930355
275258979
282286216
977386325
189540100
84786192
895474483
609494823
476502744
450754969
122875141
16519230
897894246
181404907
321035562
731719223
62628987
476864948
140318975
333849257
127424652
817770075
654335543
725511329
980075321
402108821
137072148
246212270
947806217
418740266
427294960
546252924
693999246
709581176
523639249
883539346
646883720
271630084
345550521
123386464
722385054
468425662
139905695
472795652
502346921
313457609
204514875
417492260
790322557
197350202
751341518
770263562
867636629
258193413
348291243
847711951
660302234
337879744
946440573
460624803
756620010
226251885
6877728
303135608
935833061
383033329
39191306
435233133
654663414
237258179
558619597
229564820
705683841
551041644
702360472
60547114
864499253
906875347
478039375
507338163
956741901
81897245
277601725
824378531
340090658
625892968
524606834
392892
963772712
323563759
461017695
572909075
549815644
320411775
728561035
338165057
703445105
767752342
773398190
358108519
5010521
184534139
587673339
563210715
735575784
142550163
623757829
600075037
49425510
101797204
107413200
858683763
36210801
237531277
535578646
376301459
715940598
60185480
376694351
532229662
236265591
690228399
105138737
786081235
10640174
686216125
124246292
714085279
306484819
897644482
924710150
164011692
82178622
364899841
727222407
670270758
507450004
203496589
122862147
409391866
157810145
82791700
268075630
194020947
320322977
803654276
570322406
36263575
716356109
799533110
421009590
952621700
489761509
378664679
591219288
352918035
64880804
715465580
67003315
371365623
465626415
844229817
535377316
400321389
209129659
115116075
70592147
716579663
171129016
45970646
125971530
328939162
128762346
246563512
375476461
449085324
902734140
945798867
337865251
471606601
597848329
758874841
276744654
87609838
137539521
867963942
293044226
54936677
435945874
212563893
278818653
901572289
56793710
814195969
154410030
118439721
781828396
77518529
835019385
952957413
123489176
813507267
134412927
252251522
912587131
509889388
553853198
815321271
308204607
891718450
139444225
906052937
503109643
416188879
846179127
493165516
284152821
139223353
400618546
720098695
351787246
679437199
474187337
261097309
346149520
481113719
379537030
127977916
558632249
67072767
80935329
534637777
880580034
67864608
786889299
645683517
577753996
193258850
313521141
885958604
84977300
452965366
792011541
440603295
869154245
490707020
786285164
5823418
629930374
186903710
725922113
834233972
866340909
52625802
95331281
65006781
533739522
474868312
192984697
944888123
541941079
126436379
479525900
275037466
194300987
118931551
920720983
772054984
312190401
86758476
510529940
249684053
539723842
155057833
542803701
408878087
645764853
329088865
414701505
128211579
368508927
993139971
962445552
87366188
45765773
57776833
152372969
432021647
385161497
345357666
229426122
779618929
324310397
708952022
54656395
518611385
680399926
827893730
143182721
992590327
914652207
653712661
94790733
306892401
808770494
637594434
715770489
307051699
819199651
982988346
435263279
187708578
976128317
397708831
275074766
874410443
308002016
427447735
158948442
545679866
625321753
388374565
325298795
949632151
949842939
232471542
320759888
630242865
912881624
463942609
475349545
680050183
970171622
422656630
986942585
631458468
60251064
555229426
938510167
731967067
538217772
373773446
919675645
366862442
623998629
47266763
93789237
932000646
327230850
105254031
330196864
952552603
493628596
655495659
902184754
295987888
740483553
75460994
926230753
653365177
539403603
254096650
185931713
362091577
676753280
172874298
993550045
589520696
728103724
932060213
174004115
118837848
158350011
93679760
338216642
782348641
993462875
432005879
566865639
320693725
537259911
897062503
125762681
883404859
405074514
27947435
179392747
145558067
103408430
958139853
651439596
495328385
64752855
837371309
857419963
741506136
862761959
703486360
183543184
443382035
488062925
357547300
562219884
646412937
303743412
900436526
281277930
149722640
184958758
700659921
470416365
574735021
450238776
596179046
458139880
855313290
476642834
490048980
853387709
432567616
448188833
357343657
780412353
512941688
47231319
490348668
106964176
909993278
193835029
143023713
205891666
681897954
500571013
768111550
180827243
656830777
521064428
314621525
806553417
558539538
15281446
129486135
133274559
465520222
725665181
443930792
173349864
54824367
933979772
879253925
339908335
234684957
89113935
120320689
747626645
136345254
610669357
707107174
898854884
657020738
850130887
104746550
191435045
203218252
725374452
372262288
860049029
98955233
686883814
666602447
657494771
554681612
796088582
790769331
20201835
374270115
87216475
46068051
281610835
21196247
925321977
621519170
255881204
14435912
741839859
856024201
3297518
205025569
563131375
902152402
862046307
265778614
859415305
53481352
468996866
584789757
278259993
329045896
683744990
817660159
848164695
193756114
372341771
496769629
984525445
245059958
871039744
71741920
143644362
5166931
945454519
68966339
626686102
53852075
935918603
221042313
909876276
791732473
426067882
325524004
546401227
140630542
591302618
405816532
46628246
60299485
843122642
177404591
241861733
379383984
995064750
90026428
573140098
219922874
586796057
410181895
464982832
310352153
334440167
608627194
315519085
279894686
530109885
942205187
333746761
318544840
15763852
96139390
110277313
441831735
421663394
509194893
434978629
12966012
915011425
481606875
73265497
610650419
659011467
167643582
990034404
506592569
257670010
563174502
726515443
696982419
973356398
44014628
7334573
160312917
652641822
175370010
440207604
35268060
970091549
626470717
206329252
985855401
722610107
169122918
280203488
144273501
678317811
715182117
9755866
445845588
49305345
83021363
56496008
708316812
103181298
46530412
67425733
360851308
462221266
793941177
57833728
288094016
837955805
917684653
448406934
343113979
945571015
741130890
378382039
915662564
367601607
584711292
754034317
90211715
753834210
34237806
87001568
284668373
749419923
96757434
730513961
798725268
32295150
787009969
359558432
135476448
686056733
426984166
348844108
794352
73441695
259194188
141404720
911397500
29395193
589811654
254511479
974966208
183458896
485409871
743145124
551060504
70121163
497179442
493788571
676471725
383933600
433306491
961140098
133353523
530063926
544170411
784595144
414875428
183696733
996669928
550351876
869753466
276170446
899195984
723064170
349612141
10906525
864468891
261009641
40301718
306796897
368037473
15267927
490255794
853447344
758413051
41316298
776084859
108108845
387621221
305072936
492042445
820927712
118729386
477912321
203507990
662899797
115023817
618383418
846596530
111693745
21251646
568866349
240380544
772963983
291930519
589992685
783870508
8915762
851002327
824172226
315712660
71556152
839440153
805968454
925003496
450369557
699801104
701088355
410994754
87422325
6161291
903037200
760866389
124890677
233465873
816890732
640306826
201006042
287790502
486903357
165216139
309042149
55769706
405596683
82006132
200216577
995589369
718392992
209132340
699108048
542565218
524845000
770664200
234521724
183329806
695667696
537407633
883130910
249272403
948402387
823069587
107950046
703955939
436452328
85357075
937421812
253343060
725663901
138427854
541133563
65083610
156160346
702692064
973369668
561757029
637214548
26102598
557346398
355607540
235234938
108970798
750689110
612596290
879634998
985210834
795926096
427819046
375134819
679057006
677091449
323537207
354642945
637557847
27493146
791095273
722914922
817431311
44438334
301095176
808375517
438088249
218695138
964535863
140780313
192064807
378809245
630511213
218167405
936155643
986118753
305918695
45126442
589324215
918514985
777277792
427051402
714441081
205096839
802186221
246014439
734704640
125723428
600657384
372262488
5732927
244269009
947693762
675680590
141223695
101305290
336572459
579311944
320000429
153624675
572608609
512065236
532433920
55636174
582748993
321105915
41754927
