10000 100000
936434534
25693246
945202472
666829915
438266197
91896806
396245545
581229232
80202883
960854344
22507407
108341848
143512908
477721587
681126955
560775458
440239912
348224874
342236523
225474630
108330496
279263258
199184441
917645835
101447226
66512896
890422567
945389314
800745801
914878910
735917688
589696687
793088508
681120160
109042955
83871057
625533318
505288500
665100289
558252553
318659196
687607697
666594401
314688457
17845636
200237708
875463915
458085549
548462583
70216790
683560179
509309431
349480049
882744620
426955266
303443627
801773868
169894185
101349293
455036021
937289448
837266981
897249061
730377956
370903493
6292016
814249014
996436811
364096868
331865655
407205717
535272416
871989704
926316470
849960873
889835341
126554179
577941141
347920890
675016762
500674283
31481069
36842545
850154332
766742041
463797812
6114311
421032261
486208349
107463605
728584635
423497797
944730586
625833696
6392106
168150432
484642064
673157472
17103595
701255284
5023127
424309312
236527700
729529184
203142135
939004926
619364525
329696314
369462419
819801767
857229428
870136702
703799188
894071973
572807387
323057581
210386137
578921698
744089842
696594487
538901655
325190829
120092284
336148594
951024525
979000742
504299026
288182941
652158214
521402621
989438225
509697694
945711934
78482278
91743230
1370421
17487204
711107755
331066735
239465975
383425874
40812515
109602677
87225062
934884488
682410064
410282643
145270626
113848115
6888837
841865113
652749770
332079667
814473749
988898364
135620544
645990844
345713742
276319838
150665410
867116364
118274415
660363104
665344650
196756693
752106334
666715071
66760249
315730441
997781806
306226224
699156315
38594321
268345254
638897729
825995161
950755318
49180372
971265787
917119785
908585562
665647252
422385908
93181581
332637354
263800624
228802125
978628198
609514367
505121963
129293608
476630731
623396379
642173065
141975381
672669424
246795751
661206804
739429674
415042545
511504962
898172250
114198860
402615635
166517504
605612942
228610796
969789175
507309666
52392936
886908960
415895228
570556540
161811220
509076809
903193894
425611845
590395287
734338444
35126212
95517250
716148405
364273295
571429981
210837822
358765028
96615758
310149925
19971832
836045432
725192470
531476794
586734034
691907683
934092429
753251539
297520625
15219577
575557066
804830291
67612513
314982378
73241872
490685406
476793599
434835033
246395652
902405444
25230320
980734097
937531656
973263923
549398854
154321303
397210256
612753028
513086331
493826014
922902953
533058163
182387798
648095424
917051309
769121833
192519459
703660090
374889724
490040084
718879667
950446790
147386727
639008533
265429168
73144951
129693939
742222767
507979985
228605943
497144563
533210305
61856392
287192571
358990580
611255246
441513874
756200837
76524626
954600205
250026851
999427580
340174720
432414650
500039356
257226029
54052835
692558815
960886119
428942559
35115251
532282139
379389349
182501978
23807024
497334869
255646930
6017315
92073989
763626915
234623258
589218552
149353572
296479651
876411124
508344153
760251249
317924998
117061342
836775876
125041556
367088193
836203456
465216276
652019195
188759164
722442306
706072030
881317979
535844777
135014589
916433230
920643268
366920290
98935208
944450292
864255160
207098490
802983959
956329149
823241757
37607218
545547701
972595330
186603221
274475177
333455835
946854470
592400176
450517177
636146698
717441732
670121722
324866506
35174360
322140918
513625670
757616666
28212948
394943649
145977796
15743890
163893231
66621064
382664180
115344792
863587709
99435692
322443282
519088020
55764841
145685040
409211590
453828895
970796722
595814811
728304072
156768909
395185634
173220600
459802438
31332332
890662332
129924160
208715191
925836693
304581430
722340861
535969711
185310731
117284511
534463859
201054621
133694094
453601276
436235153
249038886
169705337
535670846
571482169
688793357
591435687
569683561
98004948
45264582
392996635
546336111
626085007
402281896
941521745
799305607
862084334
825370430
542484292
992008494
34085621
320837337
149106277
608942834
856807048
334417008
578743697
243787260
535471629
712437792
697388536
971706782
961476678
867093873
359893980
385475199
555887230
951329668
955158760
506408530
849110602
200671747
52744642
327711961
602953643
846782739
127017569
317554329
524669521
669501861
162079176
411271494
990339198
311185453
20214329
699662598
645602461
598958026
943449858
33590442
163912170
493354746
5297224
125388849
360448619
217707557
510864048
768852202
21553577
318539161
275260732
870664179
371727260
180521726
50892493
974680904
27304466
177910062
144751585
551973987
699928275
306830761
963245482
542783825
618016214
835976163
94962775
263618675
287450541
38412634
297209117
451362712
384283732
155022694
576751561
744732352
372730251
940131961
366100906
394283828
111187474
641361638
117464359
482914735
821883365
168356852
310111991
701704183
198783266
454863576
106194522
898711541
761694338
69440004
441495366
379710552
757932519
536458142
495845580
45383061
427387128
793054697
496745773
811670860
800593743
926013686
408919564
25840346
866145647
775020470
420124174
977333122
268898461
390104886
312764209
943298178
558461738
622876200
645002361
757245005
77739776
751196883
508472898
839434114
673153240
949968265
71661019
283602111
338942759
567506599
328985172
618846239
213077648
678247297
283033451
13671392
604260983
691953016
39511738
322922983
319489838
312152265
152772457
440904651
702257151
465536666
384202829
113235241
88412866
881721542
722996598
18668994
485434778
231469497
710619461
11104370
33954114
782280480
294706481
225413225
202303431
623691654
844259464
267897431
154455303
127292915
134085175
758716287
671762283
26113266
934155622
991252122
338265531
86928079
284673125
893039034
404981097
668875955
6274275
345910315
403113849
581787226
217095661
888548627
813256723
927715122
899652997
699727189
562511954
194359479
925140414
764815385
670567485
769399878
32712817
825022788
749209145
19314344
436255427
420971429
45427610
370411049
264739903
383693141
309855480
549413028
129248527
567352929
70805335
135522803
913263244
473919185
569826381
130358906
214984164
235599456
910590380
114637162
935326645
473102335
161512993
860467059
90434072
832080478
482383289
975663241
657103266
84108786
994977586
93358694
505080215
40405196
316286095
622336470
276614690
478657928
24265851
405863217
46010857
95071186
393902372
811790454
421506723
963728753
794665712
636490888
199328209
705256092
751128050
134654854
30874779
912641043
847638265
121308852
597237873
182537906
949488445
106857491
266646693
944466031
52732537
624243260
837387580
369018633
246579731
114002270
847676561
270845582
519865487
746203770
218433120
913767860
557994224
639939844
730012965
205176288
276430732
929341175
910432381
880075134
916512381
793823512
645232529
616666999
767648716
242470402
651721257
717137162
349327893
918367950
514119545
402060431
395127563
204023477
623595416
641707294
318025747
323788329
765069228
690407587
69992099
983502348
456691799
480502676
623442192
186704764
685678964
752389276
968562291
448627697
632464410
737591025
242451210
130213291
206774376
10099926
372683693
858495633
579753440
574527939
629379936
946389338
976588370
24507499
150412815
452700138
518731145
320954915
776488467
283800373
11362502
846480566
119819073
468054301
179499594
743261266
507275417
865178559
348166894
475837709
313806256
980631305
65945086
408773818
110844596
272719462
271390097
336044642
131215095
851143537
910572581
760595031
650049227
739677303
637618882
800462043
44893793
156350027
121416958
821382260
292666752
985295812
520379178
412485826
305866465
699878773
8263444
813141882
565057332
356430338
141495943
731379940
189577995
207441029
140153759
152938944
480160491
411543856
488983586
611375587
115203745
252072519
224486970
765252973
844266174
862105853
418231368
889159967
870972232
392164678
710542227
163638985
229976842
83437757
576124811
535843307
783316530
584388255
348985189
200890214
940818593
490481133
932270155
130396589
697922162
72423914
135851885
30599006
336484122
624835471
641974593
304204219
729424342
718977915
69457192
573690516
433600120
340204912
315366835
304572353
584885942
25909062
320727690
814862784
109346819
896852501
350706091
745179702
333757108
552207633
946069916
127092053
42688766
878340071
110004994
593127280
803280337
245856879
623726286
992280811
723208702
118217231
296485031
452633044
837195147
218458575
878839912
123311619
411179840
194206747
427883972
996065782
72632161
748611662
810928567
34495333
497980515
14151010
779675035
684253975
566358643
578261303
811346029
461563761
309117727
773867375
907207394
112398064
19724255
383450032
957195228
595449309
501667264
106196611
48082354
191378763
324655186
779438618
314690382
735835026
973645366
595090707
584417161
898793879
196218721
247862080
933289212
694199237
262013090
565480599
230969564
680888086
143741903
42315593
142451847
305375982
668699321
902175593
270290398
540939928
285625626
227485626
136389237
639809242
333682237
36987943
831188005
510853776
816426562
998394739
99205154
642588280
593485446
683622315
393898511
789704168
931484395
179704076
336419757
46013838
745184675
567389321
726901924
741442930
462221267
721870123
46818912
130920588
624045717
169625663
524376868
762187695
397111289
660766105
401996937
583309879
550270401
85701294
94163655
219213315
84096033
193368809
861801595
530097832
876991125
108216458
172318352
660991872
287920534
361254461
707005710
33105210
928643782
433907634
627064492
243381401
8294110
526399757
226818341
632339827
696025420
751195209
247043874
945653061
264477667
649040811
528962940
814748068
587258457
475642947
33961383
523870842
669011757
748279330
53968674
398519234
856495788
78803378
59511106
144416323
440057839
619033169
30037885
221217974
52940803
509618729
317115727
61234913
888534838
543934069
546091092
437076610
147645630
793134966
382729672
264639649
294692129
764208964
79387717
881950586
239851912
965865452
258337781
761380021
566661134
164822807
12415607
275673275
243626186
71926713
272605950
536200377
543476234
155160187
757418351
448933390
517295268
74534079
362684655
405830107
470984500
908775748
842906717
471146482
554427066
78152741
735786132
701635548
842361706
667690201
436102486
934729970
486072006
694440267
696109991
52733140
859263075
708525598
180922767
102889261
632968663
306045069
491605990
28961250
461205256
101540694
477894640
978500525
28591125
840579295
236846984
499575625
601871395
932270053
970722107
8814814
10422795
559024591
710450362
705300853
226714793
146552848
492547175
712786799
840993116
41173518
618036291
552772543
749699116
651475411
508178156
235184131
957520480
999784146
264145381
271242089
101324840
742040021
102258966
129915965
435135669
339105950
482007942
37007064
123892355
305246402
45821878
134315150
864270993
756272240
692132355
90985786
755341441
37195882
656288937
448850909
78369400
126841581
1623452
828068516
778316992
509801608
915769000
588353824
362102106
32430733
859595913
463426947
774470755
961854879
445859264
62122776
153477181
927867207
99129840
277369537
233113609
144951719
264201039
97384602
753740311
956333395
40886741
361598104
993529277
549692030
810449013
71898678
529049963
812072465
752483546
159883307
174390425
520768898
748237132
536492532
553199632
607833045
852435831
180186739
422204277
298295095
242309515
575681458
78678654
341439355
853050995
311792263
338907426
117252035
261693218
945164090
926101782
155096311
306762194
772147411
557304693
117211208
696562441
86354657
781800025
301562340
246237964
808706803
822331238
994475096
197715687
375530870
454824494
50151518
555717609
877028771
200962965
798027124
305226581
279641620
991982832
158277577
591433883
183406610
128045964
705643453
128570700
54147746
860739764
287849247
826295157
270560810
257576807
375373951
356915467
39376832
676936291
455669783
700599987
499267529
302661232
898315674
727314752
757485726
948467192
135548713
487030849
1946510
933575838
792257430
281588130
778075022
803051359
873022013
961481632
931097323
431181819
90052333
985245069
144437935
230417932
664056579
414998745
487994739
39430530
771914212
379887923
568883173
80100348
80487911
68150702
382761580
978803585
647981806
140247306
779787130
783530520
479794507
781733640
569622710
124568289
63321770
347697732
927619649
788860135
161695716
711233324
72558306
104264401
548994746
216996242
334682333
65567677
631994987
822677072
104998207
256425552
202564996
526397732
336525900
135569259
447064786
719287480
114372844
95046593
712051138
746676326
878577113
44361997
380926318
300716175
168930286
296764440
648413907
949066287
938140928
810109623
660299612
10699234
914374025
61810710
227695476
101572710
127378387
859690464
924249783
84892946
116116016
126814779
611290678
305158268
114900390
58355464
24445748
81789586
5918409
736496886
828465913
884495522
780858883
61908583
37728049
802305521
211189376
686141956
751371809
149330304
348767932
264187773
12545890
115658309
325998483
240241367
217231019
453376870
952448183
141480802
538269816
921080551
120811933
2076846
226238819
88228675
60432310
103200919
170018262
66350720
839697805
998484175
803362594
473073040
912909110
841090644
127894913
124098486
379748952
879266722
125945142
728516884
995970847
138491033
696691545
174485682
378732400
913922565
627862552
183696935
907919719
18648720
104777486
881248005
20725566
183532657
969476680
81157877
286733576
139494942
24949
126431381
990495469
803387543
452020773
755920932
496994539
579915686
880019418
876743492
311698761
5964561
457776728
160185960
144455594
154468274
334671643
375704346
920907191
962534195
559401281
681343262
833699268
516695119
415107619
854424834
700227776
237100652
788099063
986961352
229111946
640640364
965909085
72123768
296544260
270446210
828044700
793538799
850361896
560580470
670282291
14577009
419061383
128059020
174762970
416033329
135043646
509434613
791737675
55950837
324485160
203655308
589810451
10700780
720350427
4918071
865125615
273094555
242018723
505741030
260055907
471130669
146381395
78481344
543254437
295442007
348927554
223815489
88980806
51805803
784395960
611779450
66382812
203457343
592354822
93662134
619490673
727398468
603096747
263744700
635865657
780098260
319916361
78192460
790799040
40266788
83110531
508441007
165877696
177645606
14182038
425933603
648776276
13079785
504414948
44547065
161038144
853342502
268362555
250018950
905148305
52758515
861798400
824047470
108732210
306669574
917709604
580739235
34068042
373322704
844483936
522450051
153420964
16916649
600642512
944220004
57183437
536269395
305177364
75577485
713915002
171875754
501511089
215207630
37471891
858442389
259754695
198510035
564301243
380633602
448528985
321965901
285908469
162843738
146013371
394640680
469513312
63722975
975379915
356097707
289562031
672380203
731064110
442982995
689296852
184222974
239719352
598996642
720492370
544896716
674574127
434407372
716772470
28601568
649615002
754244361
887043957
761886049
952754396
303861553
142519652
253799733
625827454
428428121
269159823
771840825
675585153
738673136
688080152
503481421
947287195
977642184
28377976
678351305
273141531
717674829
862574280
365377235
169187823
435583002
910273951
696278302
869990374
479562773
724879871
372121728
86323486
464440180
134007777
891594234
768301733
129043781
145393968
246645539
409988255
267070143
18486364
85573408
5743279
559082869
589054829
805546826
389241405
617432806
336414484
514899288
187623987
51505116
880276524
209328162
487088118
643066827
905606464
209594844
122629601
483002687
581716572
61469439
947442868
568240701
953063674
568260953
549800835
950973994
814906493
959789090
70560489
685909209
45362498
76303769
97508430
486933680
734366947
339266187
956882838
70781431
854165476
144506825
122286547
734442000
206351339
609374665
230025179
111957803
818969509
205171132
594960491
253202433
266640572
394919711
673959487
72220598
815697016
223760322
875710944
483119861
36065764
946271433
21545423
81428262
875091554
119053853
420878294
609458502
458320041
230277484
532756285
165001869
227300661
655042833
899443869
433652000
116933850
129469048
545609804
788419712
187156533
993086647
41622145
453797105
240522710
568097984
378534055
56219726
791858306
254244999
539339588
827924070
53032784
560885011
761868685
928124339
532455216
35263331
390099193
990775257
265540816
922855478
8293478
492841477
430414663
907737347
926493478
547348514
889722748
324619634
188284578
76879281
170222633
82423075
383192738
410745343
650521060
761726793
466965069
294895718
868488144
858821009
122819789
921520928
272222372
737204826
849645267
804677589
624984509
92260812
647969198
890525325
15116291
656262677
235883155
445530954
416516376
14892985
845395820
158755476
192028971
33680398
88151109
362251604
116103474
471343847
772996947
766624534
85586992
92478368
61520252
954075136
951299378
36856393
728112417
223521750
626577571
430274036
28199339
104078433
522534849
528684890
994603758
537651140
184947567
83003265
835698446
601463943
97896250
681094267
760219420
142441573
567291017
848370529
504693177
683394491
172230729
277690124
302535377
110334073
370168493
216571982
64409210
173984223
105944727
645037979
397505973
585038651
75312015
278221665
689117084
597846864
806906555
536237194
988014356
844370474
619240460
823712803
298350769
569653062
357323422
58570189
712094636
924614439
759457071
69304165
460525283
784204152
346994290
615577012
894538225
569679135
832148994
811463787
743663358
790610074
456501766
141169331
375648725
384330134
271907348
64765809
982176998
931330255
453519355
822707707
775700729
72759815
498936862
74051499
494929230
856260284
985138040
59540218
633391075
597111463
128844383
946432710
233831967
328355025
562009723
128370193
898034160
246675069
939833980
641697518
37285143
248852099
635383202
265450220
633182233
759806902
182732381
467875583
691137158
636251737
143099642
319354239
561527904
642036504
245922090
908973486
350813140
83576483
968513704
984204216
533204298
949874440
783153278
767036266
278229465
197679353
895406459
28779978
444354423
687756791
670477496
334155918
789125242
158377050
452122491
274823827
918183953
634854872
742699411
461837463
123622961
885799053
633708054
537667218
380351910
879630145
446640704
731165050
815722980
267670761
567885618
348927278
70061553
351038897
115963544
348291018
548718250
863886355
377070996
845589025
404159499
900064845
32261296
45801093
58441895
484383787
320624921
829142200
119238659
63324332
143496015
95377973
801639737
777204070
633045191
34507999
509350567
932202247
765673050
177589899
52389360
333558668
526517177
122450913
537113917
494997074
470741932
85832168
211399781
700329280
783937545
468075632
600394125
816198841
513876726
511352373
300582628
834501647
193010925
272337640
750342331
189023293
220231965
404498420
966227363
853277156
439006420
328094282
637995755
204679470
505684181
690385116
390754490
884717710
812836029
927868408
232231136
136094313
866216928
443630918
836423594
650154473
911706550
289334071
318869667
278099628
800686444
619452295
112601275
846213722
744306287
862943606
35237015
964538252
119958379
853980730
670331760
558964799
34591364
308327516
763644269
540275545
998712632
6915111
277509607
664065013
934783519
509740744
800159327
801000447
953371662
636582921
303671273
717594564
925916992
622540940
995694193
579119789
94509587
960811820
277849863
838815875
676271779
313086878
655870479
796230158
19583960
326202240
355194957
54175324
487046108
971355578
594450869
338275092
978270689
871960476
2340105
913054209
234217572
802499432
566571008
40105586
291598705
722758633
757700151
70032050
197815925
605910696
501668191
292325513
419238868
779518054
983657740
95510647
92604932
639528219
891740805
112188892
818246811
99452114
18880568
305292919
70807692
613331437
643568011
901594734
337808265
498424469
667165295
572025838
153440253
86252655
612131424
445038959
809011289
222347927
367587361
6827214
680774975
869255552
151669079
100013844
648773606
135326819
48040843
593894890
627371391
939781649
558600134
445618202
891750115
577480702
603427474
815074160
43328491
99511837
716668894
233653108
597936306
236350541
805678946
751376560
322603196
270326723
48931871
131614485
345191002
416519232
138441700
25965978
285774784
142627131
125979822
787064742
277953951
26537017
233475984
905325342
966318666
792076118
203459896
710585134
222073172
806887370
525659294
117918015
906399208
94844540
351571123
356851866
331195081
9766422
108228426
653798277
280093145
157160297
637929115
625284147
573679529
628887167
503766477
711970665
771514298
482262651
499035407
49468249
508799669
732511391
807309943
327634687
377103861
863286192
38219821
451693385
522689914
416395467
569611400
281605474
511240007
921182524
638457341
694951440
930948946
746685767
201266070
63558443
756362417
839195185
688842590
182558298
468082352
45125420
894528964
92113002
527388071
246080723
141581252
36187740
978592115
801407547
363822428
208212328
517210091
254558601
659905714
39900006
670954069
82033466
321505480
34710428
3215990
959962821
729661869
934164936
559164941
930927939
997723379
168043710
770123124
539082322
350602008
90721828
584207742
245130972
182834830
111595813
491211696
176932434
299906
322320163
830856334
216638686
383048843
348066425
471197287
42954557
240482783
142151356
124988024
561988264
176861785
980720366
374467437
906523654
767401655
786148730
689967945
617641386
954192440
312607421
9240060
304794449
403329249
593447802
402441773
438680431
557559968
893653469
615612866
410376226
68489984
298985552
627014912
451538828
647051977
98212199
347009737
887534761
92879908
324514113
302039377
269741693
157750832
529023166
28781699
925152487
315171897
718749644
542793873
121880689
31357065
552033934
426675138
287202666
997998088
829116912
725883097
408074408
575286733
194012315
818450634
496293070
492997867
445465546
947831898
992566197
396194098
147357987
732617310
489074006
324388453
34656687
758815699
482139285
416196205
640113750
407291772
731368102
211379746
802601997
853248792
95253163
207152283
132440282
382455829
205150372
814073546
960855278
613224780
241876632
7383946
284191767
738169702
500381813
729657313
538517952
345464362
125851411
685875939
78081672
467441769
10264392
965254711
78773820
344920029
381450917
718887570
752211801
965335371
930267316
407330151
671100515
25520479
614482434
803540798
260492660
819632806
470130696
221347939
285373939
712007328
228731885
569565706
450177030
581630050
151739371
988694982
927094413
130107135
527087274
5176085
597548904
389868018
822947149
676322725
734788048
56914418
247726647
339516201
22249789
177993964
746846352
693350305
56030795
213845139
349407455
316523456
33477945
819538151
537871395
171368236
384061832
619119632
593450294
834238862
200749682
745189666
675450197
127844095
727813153
55053823
985536533
177878409
297438193
661000034
854201134
32226241
717914452
101927782
224258795
740164241
132438098
823621499
286030898
188468893
37466638
487954705
504992349
923460936
160009209
895380096
94829172
544071041
514499728
540795819
230826255
567765763
138501837
906276452
548126210
866314990
813846627
386179095
44193399
111284821
47179129
750910886
996027414
765093581
705355020
72802561
357774175
837793118
896424061
496321425
878778363
933890699
984276131
236287065
709867987
144285340
131667161
657213512
688356381
498683242
198009331
919182636
66449005
336511168
677975441
614575215
55342510
344338420
754311
99535909
455623241
900449792
850446795
304167008
518059726
408318167
376969569
875833901
98627637
273393630
224671678
977406001
59800682
208947809
213693066
769668669
205749501
197876579
279398533
894105882
696559821
477407864
665804871
763008826
666435384
196296664
230100394
721777894
540635084
83371057
821313804
848774678
983820849
524276951
152941686
354396927
932595119
529911255
82747180
31222756
655821238
307418859
861145109
715621920
516366668
74838175
337806941
722116170
125231107
617205475
468738404
821790928
947129691
987059627
437316107
613565076
35872643
667416501
187859322
576507728
603303910
9173126
277798758
439641111
385966430
430740444
794038039
171077901
813168051
876785219
54817009
468989289
184204078
915962119
37127561
553087099
843316646
227450855
127719621
968547753
844656330
596458025
642855034
644302373
436034005
80171141
110383801
471906648
600103994
298243124
48414376
203407904
159932602
178729486
643049015
545899032
609469930
289603406
569493285
275154334
166388626
624310295
744143623
203109056
392788766
633787537
756196155
88621764
861238392
883915776
909685870
558411074
332890154
552540904
202713447
768924159
485228397
313097249
240830807
85332391
611340373
141761536
141256647
771272975
320491022
784305662
169688360
782477305
73909069
739181645
57631639
92814047
216008292
654291614
295923103
461313410
288079151
52119259
549935175
1833895
788551387
312137397
560244969
121441541
864678301
762958417
890365700
202423050
928572018
983712860
287755441
392428743
125474396
429012088
16218070
298481770
65834102
185906430
80959075
992259523
777604428
991107066
85073570
993612720
645398681
233513026
307442483
785994184
138148637
857377658
787828080
926700024
22031407
348073049
900657918
886709708
963547818
643539970
89132758
892119836
627252830
229404551
137064931
605243578
510932991
153283002
756241701
576767093
339189432
689717128
421542969
116793860
680824195
359132891
962922933
178739228
592645917
122881768
964733412
583310906
980259426
605077844
362527283
2290833
953150894
263185201
741516893
769215064
906725171
683166003
513851253
386494354
765086906
650916184
844254284
276019897
804199186
600495985
705303342
143388619
142729466
126846311
112698831
823553661
485979203
928138116
854809241
931141472
51019884
672059005
514452379
883795662
277136850
876979662
738602847
82804096
992681215
332636092
852019160
751922738
868318447
218386765
138417092
633405353
869302950
835187729
761941602
673502136
288200066
467244945
669407107
430929532
446607608
634622291
106999545
932586811
415276759
961808786
716244636
318812996
633867792
83213367
55125010
763520994
960193029
646244210
846325090
805390596
978880302
550860602
557313334
699715102
769247368
548246779
185636807
491066670
235950860
947578410
17085158
524150926
267339707
686492266
955080459
713947315
173630909
62080004
499050479
441424020
23888791
215295115
760237016
510272935
298508482
667878379
126310281
111217863
314122589
972635371
916608459
145519243
376012325
326438145
845234345
997776045
727201276
30871153
488842715
963152136
830965915
505927874
487303063
98305622
44936492
294899874
812252937
71083753
356979878
163819768
512507773
233385021
379114883
125261142
596174308
530139717
793139521
722484589
641357580
107262110
547636312
410482391
105297705
923648638
589436889
803048403
773941035
316638165
686435908
115300103
132306654
517401823
621227977
619609717
468223797
518680821
914509591
132993086
589764574
124005821
296812855
102272347
209907195
675927738
227533489
806081503
58583808
20673010
528566093
699941388
980451472
76202405
962940132
938265530
852367395
552377021
741313933
478824783
721531538
280266193
594124886
853838192
797668016
67869215
325964261
118408165
586550036
92990204
251401251
176314610
216996026
548214106
131103309
426903221
76658197
358636799
85501076
135242005
231826161
614067169
835183393
64793986
542785927
650639877
3059516
247669674
55533250
596889801
726494457
777064789
877155994
173135695
630902981
527340362
241004910
956867243
645748527
827554946
49857447
897149778
3869556
119369825
297880237
134972866
398789398
374538434
346126017
484290475
509780439
430468530
98357644
197480184
495262516
493659923
848120062
350838384
593845950
903653312
800244537
172856759
680718101
529916883
345992455
164137435
57257245
586997365
973521030
555522124
414552312
875894829
305188255
270938220
995264655
603068492
258427438
246570405
977606926
457069807
730860880
339903717
887538338
681734877
537383901
235317206
27911152
385503963
586155591
621757102
141673628
238916480
794613862
822391729
768833364
140606317
839045516
678606961
727603682
812566546
86645438
994672346
540977728
391833693
118126919
388758735
847418537
376554357
635329140
677541815
833624165
366190021
17445532
573678855
47924898
554829433
808996061
75836050
792849749
247668004
550109505
934523377
486584485
344723367
609431458
255417849
337846036
448476975
934024810
65449718
113559873
20670248
912638417
654537601
265020293
30765336
43296336
112438830
259836045
531141829
642496997
93460210
897331850
659942529
519655417
797773100
67288315
328651479
726125502
860138064
576319483
128751359
647177793
62903968
473474726
256609251
170838169
811320762
557602578
957379332
729286833
671162452
830565932
494441602
178216405
95586226
525206938
74029094
60541408
785042983
605170923
555554758
731019546
355019125
68013639
103191315
5308577
135301954
431842794
583950431
847956370
860678630
712701791
495134163
776098950
38692869
604259767
946937120
850013632
161862345
756832804
431816817
685541149
587398736
926258419
863757555
535501314
303981709
790303001
448559075
941541044
247990276
4113833
525076942
603009401
72127472
628268258
460834330
59945779
60111052
44784761
907902149
773306034
757486552
255552665
549404985
796179422
859812432
348858457
498709406
874191129
105691261
783042575
559732279
545606349
561817346
276006186
933624016
865799055
66309187
234699443
659856451
166815815
91329628
184933394
769825216
15973452
813201652
83175898
75919231
725829056
127960659
836337733
351651443
737963564
91890398
901056428
386659338
804219182
102431237
885368744
530926663
60638850
520927671
90658942
458761551
82745017
219181480
392385567
801060424
138007019
627085010
460916875
304822834
718414638
498366621
927164402
734388091
164084625
10340300
662823674
889913682
138300960
499161407
94081477
728780876
443568157
995137905
115440214
100303691
950085494
853325310
631230355
10724344
374252981
574405649
322002247
309514350
646103482
714387815
110574774
784110501
193989177
424008001
941449688
764920168
922374623
868614090
351824611
86459248
731470743
14648285
828889282
722288055
366326045
922970759
451068931
809894202
770625016
419025497
762714246
720710510
272350807
246460953
583951206
499120140
820866602
905953454
808634490
319486436
472857621
919209264
103596938
519363150
195733617
897562978
284283318
118108240
618693420
636107929
57083841
350164163
503272567
885973123
72452218
869598612
808943883
376037501
532009166
432085251
795062998
294723412
5312114
919930157
541184365
589263320
419050297
214567320
347733126
80201139
534053756
673107099
999410403
490167046
192470250
47660373
240246376
329269920
165768613
858939797
965377850
222852454
61620312
321166769
108825578
134072531
190765381
770285813
362626384
722774547
54887416
10205735
870014312
60199530
930135892
263715029
649462851
201702542
478282349
849712329
281903681
864852458
522819429
133830437
207535856
567806031
181490810
447782233
897075951
199775775
306722030
714970153
422628230
368342342
36136922
383970160
354931225
79418655
6772325
570073962
802193203
61659741
580279697
524723867
121859272
362931941
788438896
623838475
417150835
119237598
473550804
699054517
984090056
848886585
685401306
191625912
416692616
866892116
639408145
166284920
66667891
798646527
881255073
341812473
19505222
917391996
578298985
374436447
996810651
585071310
944510409
651520206
499247404
377306458
28760425
621106676
592754752
817199322
97461503
9905587
936436920
571012307
561476456
920526976
272415245
246877762
964669240
689107861
966286230
456593738
855392781
885470474
255240265
589164207
79799299
274745487
359072555
658098285
501698287
208399558
95685947
298725048
859919765
594933351
676031507
888680190
68556379
121302611
558395864
166017882
131208198
494832784
737030190
692684655
267876112
9445435
792078769
85061705
551069648
758365000
541655443
258978782
496351826
796895708
848142989
576151125
924157548
59731896
234249410
425855835
268131454
329935358
724580883
128051219
924868709
253128742
869247762
993425089
374431353
280159978
11959323
358155904
774992763
748989513
50840559
895385227
610951300
695435680
980446932
14537301
306317032
522102375
126032435
802668858
171514436
974175424
378819984
95671984
33907320
465585746
374044171
154555126
795521104
951141406
135122698
572906166
56786501
4370460
418847607
431217854
137046790
430806930
789373758
912039553
32312796
692730669
659941133
495780448
240682702
640388065
510317749
546999734
15006793
636350184
349668593
39037581
463041960
581004929
134709565
349465632
46590675
361270088
504020759
694628132
164927846
639143457
120050650
221714347
496030269
538898257
652932202
633077059
822221539
294822312
397632965
854534335
840069334
57574098
202831136
80752036
550478515
713148885
627751770
418001660
202015422
829936715
457039241
517573734
410941644
444265158
867039367
310048672
805535246
223576478
4676804
970463093
715236287
124727454
44693792
63782908
516142063
697625994
696859967
338363602
844964659
947009284
45414290
685033993
857099734
248245426
618302381
260094602
813910663
98570503
678096262
15926085
928507219
135135504
386016172
191965215
579400662
105571891
502013887
237452261
329148369
506690691
60431706
44384656
483934497
105125498
108167564
76560
655267845
657543883
190956515
500232504
457069520
236370805
37782849
314169254
337132583
656085230
574263856
151043246
754655733
104876471
19485684
535679304
240011975
405501856
727644520
671928989
511073747
229658407
909381250
692738468
588865451
822329308
589639476
72799948
927454807
550323392
72876509
435239004
60383627
116349376
935471508
517453147
352720181
825770709
831622402
689852764
334372291
258402610
693412362
89028024
363279081
712898046
477223681
455807408
970916254
204868201
127736398
334506353
287042960
889634000
27244821
875908411
711963309
616884297
948708360
491934468
19724041
874101221
927173472
80107669
990450597
715161332
597560816
195687130
393448393
281699570
738056246
727820684
540102181
431468608
669365060
755897614
996883007
146588741
211705023
967799261
203973294
191957773
154821967
491016255
81591773
182066788
366924666
646071434
651467438
168149378
138005902
671191479
894766951
917695726
751299148
737733900
485373410
348859965
933421030
878821803
630559535
523993628
459158839
23178068
955462237
128523900
779075683
804861596
127628993
843297058
625177209
331602288
35254831
779999176
822618543
116846604
962065965
42059561
615434391
466049755
210208940
605956645
137241234
104975891
376168724
888540383
695226144
861542134
89916700
481163526
592880290
572992587
5157155
52039129
596170656
813135744
33079381
227762691
617997340
160708375
71059749
95690901
492310663
958830932
875690078
167445558
928193888
690272395
209505119
543628279
156322150
419714059
2101277
146079736
377206303
378270001
34620119
72432447
92328487
977053171
406112325
685208777
550045759
411269480
589764259
998732767
76921576
475359992
79011810
694918916
636068367
2587911
790609818
980895382
961418843
518816248
148340940
889612731
209088643
357846060
285757363
217927145
630076471
287858640
364006881
7282774
666128641
251143353
932231573
758457128
228196524
190860251
296182258
630758635
602129731
738462869
629491402
679051308
213822861
708503212
226486576
702407581
711091123
869612746
683302963
525026318
388428994
684160256
267155402
450033989
42006316
552912765
667961134
524599139
693287757
31968016
384398266
211932750
283111369
169146191
970389878
363824245
360006442
119088488
994582881
962136174
857551357
476590635
493703834
923890571
37610200
572706762
626298152
748701323
442319509
162117467
126243994
683264855
846277723
393399396
133298845
740800391
946312161
801259979
117915883
492116270
685744347
502314149
704049020
968855716
671460340
526955250
185196314
31466783
646043739
179779195
846119309
356111448
656369830
192339495
132518371
693980030
765046257
758816523
295197706
59882118
773450343
421441700
743146974
472244418
814841096
876445819
65561162
613669609
530222150
183477045
105785879
68482850
685791194
662351251
37338566
357251534
189306501
75051232
241234669
687866592
254830427
87353978
43978041
763716610
279693473
29012764
310212992
44739731
787829288
605410698
104621849
413795983
879368750
700285175
886040401
546726198
429247346
951601563
12912159
959469497
135078608
118698038
27952347
820869802
633565641
917807265
30637689
822872143
992858498
271872358
363255087
100205277
211742689
259749480
863921887
491436162
288762245
26651232
388692245
76591533
632061930
345830447
342903868
363947033
46115622
228944269
910673231
327879321
33062185
923585391
139865170
168140793
894799781
20333869
841526948
528365423
938141134
872164637
203753918
783515984
996553347
567009005
736237614
208296036
826758486
452675853
552248551
115520731
479327085
940940796
44628616
111389016
139287595
240048836
327852401
37919570
468993105
238525632
365798891
502055290
14627375
505664061
522712436
909427157
525997930
364239384
290308932
316655416
88920373
494062850
952687753
85473720
913588207
688925367
146286109
592863045
141601220
698534660
560900128
473444658
491991808
458045096
437350026
483795756
698093932
765202427
521715326
19603390
3728059
740030569
521658680
18355435
98210982
44371116
780298944
624208912
261126852
70607876
793380680
202563577
417187078
746068433
140553650
330775285
287510152
286839759
923638331
281627725
837890771
337054811
755072383
182398931
795099908
44938761
666194687
493193840
810141188
40426365
512797230
666385599
780456934
886972263
537257386
878667916
783859731
317556330
355393180
44986584
240680558
148773861
100066513
657867636
747358646
240620163
988642922
34868799
527459922
764797605
169012876
217867045
101852416
776601611
400265977
749468676
821540372
66460664
95178869
631681560
106887030
607976099
150583511
887343964
347464714
687840898
618528233
131324446
5397228
973921413
28827382
98594139
122695274
128893895
756461775
722570273
369514059
597621049
609955424
749490333
214935006
778968300
967357379
169303775
408086263
367623356
918772451
229626635
286600372
13951320
713824547
393487402
474443772
864408058
133347719
821908486
552248956
751875952
953232932
410162537
578313717
834576666
508756676
553525344
963470562
117734803
276095617
185500973
715355853
886051041
934991306
930290859
517535693
754865037
99594634
925621956
122488393
18367086
7764943
261605118
884834758
721589490
655092520
359278530
438513900
640956591
33703369
990762857
245348895
986936301
253441746
823662613
674029320
614714774
377187957
490016234
732449577
505799926
675517207
447805430
244367319
463024865
230612642
761903012
70406255
330207276
540041320
45411000
201090714
400322615
307016118
85925473
121912105
962108639
297720355
412942357
455581582
331423724
256221566
700930478
170876378
509663312
524593091
844905698
124378086
754297400
187438284
709344016
260097326
862955491
9665798
504464645
178496708
240278440
118884009
248902963
570485717
511441681
294313964
624092783
911764296
601330082
562534608
886192753
415955073
860254964
299135110
871536656
44195040
555356677
424983486
67587770
917536341
949576577
912493468
894430780
556390329
99931752
603774796
816487655
815403595
613440594
173468652
846416656
853719035
144869013
95319619
276721104
656310694
242149935
900813887
568074990
695996370
315864848
306784095
111951443
28636164
605919205
836004451
72831204
13792234
113504289
140418975
931328576
63080866
905428795
678275708
471987547
857876900
134566856
140991554
525796847
748007450
314460206
372213503
454242837
459329219
320049475
583480293
115639913
414715762
336810533
536231255
110712132
652675381
843015350
75179928
681311545
301450908
763700731
754142749
167759494
877205021
747078076
99088070
792802239
652506872
629880130
264789787
362900124
764446986
405781341
888696971
364970789
572757900
113426827
819213626
32087119
433476302
255210272
243385
848192064
592020805
388990992
811420549
244696186
84522695
886600477
926007731
238489955
502817560
532666832
406249449
380022581
132261261
357853872
25341173
784768133
987734002
290130960
184609
752180989
548428653
888881580
117151778
121186553
2308407
788881756
5790025
288301061
44092028
858549762
136493126
488629185
100057106
800430027
733325371
184579801
539546856
511849454
423069756
42364416
897032639
829319206
274903350
29293900
39689430
300244523
666578385
27423432
590375483
666762994
632120773
138804136
555644574
601788903
112507042
410469334
243187012
118297067
698770395
139795392
829363181
687779873
628424578
929420287
488209900
214266301
114000089
27756756
726115756
389586197
922637525
475664747
71421755
197540875
504958647
111111185
497785398
24053384
138534618
940677233
690816378
623171743
931997721
98977304
224960647
44504763
509446638
468147659
15318182
208217034
607943051
697197715
895996907
88883981
626618003
236723160
303150283
593134444
116996268
29266039
835236993
39633793
357447138
906658749
89691020
862405785
870286286
439992770
886459169
861337256
380670003
429791899
484509000
165184077
528769203
561985999
62205192
38215842
30133658
77523375
98949228
490593061
627237442
994946135
579477043
106371797
84185647
882627326
699506241
53698268
764409717
387259587
93332061
121856855
146434688
35539434
836778992
16720974
475532204
575754513
878058231
708718560
5546412
215083583
873902637
386831967
777069582
936107829
425047809
659719592
866147556
523997037
2829005
493384999
371459525
434822400
599756796
308161524
169966078
151779390
361859792
934375795
539038977
307708206
908749002
685473665
343247640
598044346
554710991
671296196
26315211
285285574
380014756
884377975
500369157
106433745
271209943
129955091
42541575
548774104
642191035
908689131
72771142
645020041
254590482
296747019
79842441
706863631
604908543
102324872
858643021
966768336
36700667
250198350
126992894
797966022
788188367
470240534
248526720
342899358
141536730
127358284
628184933
374067839
11736259
981070442
480501584
135462554
111025534
375559511
684236659
605732921
136764995
609524153
103269314
391355477
906271172
35628108
98219108
363696067
137952980
809378481
182980755
27169999
912093183
309973649
825136021
700281550
632730535
926179094
895697261
626783618
53537378
376398546
851457
65273637
357468988
333869393
53252544
321010874
709428905
737489203
926743796
846193900
347013356
30013110
90065729
105800880
65641218
40801190
322013299
56110550
702696023
504994055
83280550
614789207
667484056
908416571
167587109
300214592
687112017
63284370
926998210
740649395
292199268
780366019
658439385
649668257
966751764
711691929
823195483
528697021
301697484
602455631
227407273
648710840
484985094
317473003
607028072
403142664
210790545
929041371
459253215
913486568
286551778
542533765
380792127
954035835
303466688
548379237
106766779
990578706
464179959
33764989
583744453
756379228
666647360
94700190
258563837
485915476
806392119
81759320
14612498
108089603
536731304
242019771
609316795
21716398
412009126
68861219
424859062
622799671
997902591
884112277
536286240
284454369
279162394
917078367
91006556
582629083
317973956
197773335
573207789
634670268
84054676
9468594
243565848
750702036
104168785
502129685
89133865
910560904
436405357
103746363
871166860
973136661
198282486
333000007
847369411
610291613
401861227
124744826
233091284
252280170
8857103
621893876
536734539
140535850
391488596
627741096
723164933
709462552
825514431
148889074
196649172
909569108
158357668
440215020
512787496
262526453
942344705
601921361
25603710
231266415
558184076
896770570
56919428
756466563
82286929
904288840
366758176
336664508
29033666
452365812
588944678
890407121
74259689
125679218
30942971
465748285
605936666
606624256
27727189
283967449
755513330
224376362
46052909
913870999
664591382
411356758
176397452
459452440
13278119
202001162
543235207
423978548
951288084
600154635
180445111
33575014
356959827
399719639
222755874
238509845
852085451
811700553
981433319
926345140
789896123
864892642
244609777
248349141
471516899
124853319
532316590
79546581
349229681
430885852
993417580
866337415
842242610
22331385
178306207
708037081
224332547
721541414
132015629
28136984
174212402
164977092
61711998
531172229
564696731
136984224
622198427
416782183
948684777
603631746
195643675
738580900
321040740
292769805
986930041
792557639
417623124
371762984
872104221
766852805
802648836
718038153
485706572
497407798
740369538
664012780
205444879
964702086
385554194
189976861
992839070
559766596
354953953
907067420
943455178
919650685
44051644
565653605
188949220
845252774
21801703
384592895
436350026
342842443
677362700
275796420
987916435
94985824
647559404
712537008
714354981
302724592
430575161
52577906
800132390
23461052
716590686
858093621
988163138
102144880
48070482
833518560
514427829
403024436
593102332
310399359
175191473
489670328
876052964
364140693
187439454
750371019
748733588
623789481
93213462
278612641
899585901
933646249
226114817
399661657
646183257
792986151
702386249
929274771
845564057
355034991
952735823
562154743
65644964
793415313
516815975
113715447
479450225
883760156
369256235
72552557
194159515
544447708
414739237
922728831
908588401
602178692
673099850
509838341
78484525
618829665
788450982
978070426
404992266
867082152
377732083
51175524
660068303
932634684
832966647
358148712
140186027
785702470
920303455
205830991
431634135
289635782
319546438
911084360
25912291
688802673
836153269
220071806
85766733
103408858
142800638
994355134
705587550
668416840
504193476
784072075
139762857
145160810
614658853
544755124
12242962
992390936
448447000
524827617
777541972
133929999
882976329
917727999
919632469
655796136
123558991
203782956
797948271
295621781
114867316
823860562
984424455
951020585
43932368
70191188
54429443
39249358
917062675
612533346
560182551
273772503
249121773
552461760
418933313
863780627
97216884
283692628
708687915
398180236
661036597
338746240
532110235
396529279
256474239
304259056
52325415
232549582
508042012
702790038
528171364
475425680
526650600
365112171
278962617
423099321
287819711
185908413
314865031
204882386
798441759
727563934
478654889
900079884
280025695
750104555
616376863
229758931
33797183
177581131
480455520
547350132
516327371
12565755
943879411
772801610
169341164
848721179
5351193
529899528
551511217
386038909
5325209
930678170
751151080
284287826
206293843
38970791
470196239
521158874
96369530
121154350
101239161
575024419
21234235
381264856
177645326
490127450
463540139
63958861
667708581
943995659
611308994
184035952
809077767
555188405
809353915
978418931
256425936
667221460
360834811
807937154
53260369
366160020
591131676
804411449
502964199
797425519
695898592
973160438
171100745
792268122
946831141
272339906
219808894
820581728
653604762
397454220
310709178
117144902
461413082
978417760
913656913
72722076
14970064
722734680
480426833
824323979
553669963
736852770
344061791
914504775
397306276
397322160
133181147
988437952
54249961
636145346
785863471
750148554
461822137
956964216
394933028
261169630
81820475
614741922
81751358
735425237
12196143
244976888
705086491
473609225
75911000
471259757
398847653
90881065
46510789
879274486
767721396
600180753
616127256
111783188
367201880
13433532
361621700
352899379
854387836
415871662
989044726
492767659
18536568
303383215
302248228
413469596
564552845
384068703
28211519
498820555
119493940
892924014
743797443
677096784
219049591
819708444
872893
617897244
910589509
47383682
497171730
530827257
647564435
965815339
642610445
867282667
831765223
4232146
220182047
686153060
272620160
61743125
31437071
143673080
217642692
333685299
557142676
782195537
717754002
437870547
133532444
689764295
183310913
877329887
219377431
402360504
697038331
220250324
20257748
460144192
267634006
369945831
990971450
915198442
335761170
486098247
634997461
20042745
342846745
855179508
706195805
467983257
769438985
737632877
611656337
987081677
71318176
21315366
621793566
641588531
459185913
755326010
331352826
642496827
632655898
550730257
44857331
182210581
770980581
917631432
494871126
38614587
287577263
338358928
806329381
475854785
824457175
293843195
495897530
19820273
1539055
54609688
487803530
770978041
792242565
99459868
758059718
716077093
120775234
232369637
210181976
432477499
987695647
541534802
927490678
472867897
944781411
824864362
655078479
568278344
742495794
2465957
459409284
882589409
340824885
118255017
358444194
17798412
412098212
854341724
37618685
413637268
908951412
377938568
184615309
553710329
329914788
795191379
122303775
303206374
27561016
332485751
735683873
15256664
726536906
515690904
340640913
671318317
340555266
995719392
92113014
935567412
998185349
551522298
818156821
191526586
669777315
29117367
209324999
81875528
735975443
246943684
495512796
497443208
624882252
532644457
51153537
954797040
327835836
25973664
110519766
207913205
210975768
846203640
75686221
937512674
214410896
416327134
461347343
554966162
264562879
553460357
343049926
115264580
104982655
13723099
306791167
774759971
42840466
516116166
709151851
778815909
763059850
57180999
128775469
240458455
589825456
32445359
47771847
917661292
58419023
158291614
125574497
269394791
857011606
53777070
59423817
71422502
470104205
520771161
478905016
734667084
74231518
821954942
849931664
31730526
835678041
156722831
806490497
878518507
672838997
368158700
509850768
288415200
425339699
638626238
381390007
15165155
671071597
429161854
785342799
582006972
439969820
763433649
851401764
296981426
817210719
910825581
220920280
287314924
284113094
699825296
21982008
358344613
521780238
724430025
390075139
209974631
881152856
49081988
88493138
406508206
417240688
450860259
547439758
842580387
942002849
928829765
710261894
465590798
210507971
495604693
47597770
650477792
111554694
751515886
947459218
928765414
514857820
20895851
68596690
798970914
720721147
90578699
9831879
95017738
667525076
399907018
304992369
401194284
301505358
246001860
807702490
718746046
696862119
207658600
413842785
491381320
136488365
124104679
956972118
346996337
472225725
4569888
997474129
583780419
608602127
797449699
365062185
123459947
818345550
433658876
922430861
391583050
376753927
932262741
486600788
44279003
184686111
791593157
445473287
486191470
37595017
105692130
57453868
586973488
313350730
323813006
78354808
302355448
300434037
35326926
649351785
772659762
892413167
499342266
208956534
353531646
149308317
574018719
476991593
820170220
7677595
251938806
211753270
236947874
36717899
698354058
281226877
73920363
342463567
579216517
560111833
380058585
684908647
470082053
967032073
850775729
793895059
897903234
153131177
94329097
785746512
654999314
719505211
530676031
6857932
928461745
884207677
156166250
354996817
213715622
976336470
215190764
465654429
40606092
452138639
354888680
591476502
585881868
428809043
933940069
165098385
988920876
166515006
702523384
311519282
133547080
553299114
105414341
883966666
558946643
52259790
669713178
213945958
771765002
52905562
220803890
552743099
937113239
229486492
907739916
150828862
58339314
975447033
468999643
98945406
280102024
823888323
690421908
865983892
252697367
476878330
31082278
94134595
643393336
586122014
405653877
629456768
139421128
363584571
513423434
550884124
415844361
35652965
764830082
187609363
88558527
838150324
740352463
25671766
67636817
500608731
29016980
125976131
328572116
498016623
77437890
608674140
174421299
767859798
474658033
427118666
97254480
358256663
373769613
740647817
944378677
779423491
370104585
936316158
143008062
736044372
339716634
411368775
771697337
104546716
598978139
712772216
795213392
191846954
590960334
862850209
544972037
619977315
841342693
873544154
970510290
918780583
482218294
144931589
539156733
809392679
424566607
636411214
20165694
798336221
377059031
964544372
430276064
599679968
753376882
425800478
335724340
93093516
837169253
959938029
50156584
288663744
672710245
697886328
480510698
116186932
413252890
25482736
736164247
254595583
751543242
559190889
25892518
86277888
704122479
565049251
895670568
128689086
201460465
915836262
779541659
431035848
732896986
209817723
30715817
338790220
635618201
218956509
284400088
325303807
178894539
187073024
613967551
704121136
884959353
94478250
820308068
298212243
972477338
408988667
405324178
576536932
968179557
431216696
662814820
524818388
996265947
558485388
506023826
50242765
326838003
285565486
481278613
59734989
347899561
511994430
398525210
983517763
730950940
682925298
161337922
762361831
869998323
775305473
466482967
607474028
722300075
139307388
905686271
547293765
548296055
163526801
123830697
516475612
594743497
786645518
41294000
591009444
197647258
399834179
641252209
524485261
685399665
122530823
436736603
33299226
487041605
835261813
869333341
70508897
370703463
30671263
832870728
93218138
658493089
151870048
700692166
380793164
291177436
458894789
928086930
839473491
622421590
904433979
208465456
69681439
543595849
102275808
660690884
741243108
502109987
154459445
118244721
40026004
129506620
554981324
925841583
469064578
242759489
647691276
539573475
465979305
530878892
224960556
559197443
189371981
229346956
112405962
422681497
520524392
423817103
203284779
212514235
46238694
107718759
273496043
115920133
651314608
375771852
629127369
245074068
730398191
636103167
215835142
770424196
765609787
770816466
548782131
87190717
866092308
196473407
626764193
332071613
727352299
704241101
743785408
769240632
933588057
856191370
191922130
306628801
132524826
395206909
519143036
31279872
355442020
792639080
147200005
6756629
20927284
628843727
104347049
751325475
117463246
320182191
374266023
883073033
943515010
923048154
970263751
809607318
972037914
449544296
994195283
551906565
6301749
737980691
321147198
939889806
446688414
365585680
246518607
579213240
760792589
618177995
610493112
116234610
263333427
610209469
975507591
284260711
91569548
932370992
888102539
209032794
105069536
114884914
944622180
48584546
37933069
767402283
710708216
862487335
69462931
704903499
414393900
75764680
295400542
588057450
15654486
594605308
953643130
114689445
26334900
566952072
732867440
636828012
535703034
996200868
99553834
363726977
132977931
43639734
296097969
21080470
252672529
401167505
135965385
49811061
302268403
26414806
817213344
12976619
888902141
886676275
570396470
155812393
962440955
865797013
743869844
978095441
312918673
550029326
92784886
339253574
116981398
678168678
976081586
652684432
674369546
928151772
16411409
807347478
971791507
165025731
680944300
76980388
418709588
816909685
126791449
720977992
695840843
944004793
733954611
437259336
830681068
156867434
593071730
645638375
22664447
189457926
476250168
188099472
739487252
421551406
527353046
708985003
99720084
355950985
214185787
626605983
284102757
83113549
286469813
108410616
248139280
967414113
185391004
666848868
636840151
312182453
240343212
332680994
256187246
974297824
769940331
939384666
131165258
215528413
585023041
6346057
257502691
61273209
46961881
996989943
335340967
574314928
558491298
435061052
930265913
772677086
61667035
66885022
855790635
200653200
175295639
103929915
168067313
360686643
623295135
804907464
672869097
863638348
990104811
929056343
690452524
612561494
720957362
674134134
828089907
158496755
532996543
85592598
72286317
579958424
935098893
407627284
6789704
346106544
842688336
937055617
118783630
756871723
3940640
974574265
957524923
179236279
931020532
978108589
539922922
406832019
635532405
65308371
122986719
625637216
994364715
665955595
90715062
567838429
192606081
918804969
726335184
725602624
856913919
798621501
158077401
644529165
206248786
164867105
990635709
901453474
101922723
961935691
510841550
958379715
789026308
320882825
137615994
572563192
298991414
530055268
979395211
934523820
595363640
954898283
412677388
442244707
620853878
503392451
10083136
813459960
274713772
588934672
391578936
984144044
387556174
402172689
481189561
446321312
567039795
324341622
347774786
521478870
286277313
858616336
332374937
75303621
32015514
322507283
500383165
331006928
852562551
332294728
118047100
300442543
287193011
383240841
595203602
760563242
886633292
457803090
426539554
13863416
46737763
818118490
998007460
286810289
72807532
331713373
733131601
639847327
656054995
80906387
13842549
942332308
792039076
346217486
870152281
824054590
668724769
223051798
7577870
373803672
555346527
125624971
526762568
842539538
361382164
121966170
455619132
100531808
579769261
882158686
114395224
479023376
552793529
964919037
765833665
625601061
296632410
498965266
117964740
952687406
432388005
131807289
747536066
76943433
330541127
470204700
753514375
999265896
693256498
761092246
225585920
101119377
739233569
752348488
943658916
100615733
726831011
251794400
53663893
159116624
133953087
168059117
638140000
686746616
132978154
403973665
164864029
282126917
755455283
282828769
87330675
40359640
414636058
687383093
117303074
745177185
10104145
870817449
596959433
703360644
484426047
675061705
804480021
76175968
279926546
600655289
29308053
6757557
852449690
82971946
165874181
838919129
103547416
804014181
378182097
89041922
60504198
543046126
371168839
815959481
825874895
311015866
856319121
93027305
998398960
826138547
838204490
8503105
549472349
287680275
564380101
33898396
962741980
221376475
962590717
95184878
822031764
991898770
101942435
526997806
927387069
120332968
218433287
30934485
924347149
596615384
119976407
837367699
139661510
343661599
505843532
965536405
654677465
214679006
58563710
653076425
40817553
749284552
514095883
590289902
889481179
78475984
476704651
704739512
299852459
291811720
799924390
974400576
136226842
901866826
353914734
63613911
22199794
572348022
94548396
799063296
168963406
67041156
488947347
161141269
410702755
994790880
126677674
65380220
209469886
37757737
570972998
102803791
639558641
85068881
693093694
381556173
16061217
22314697
86295685
168430029
314126417
886220075
142830605
450353259
640603253
496745339
366483523
515319400
69093361
313548271
166899048
90573120
380589427
655846395
251714389
643808534
503153627
230908415
561705107
712623513
121182504
132678105
815427305
613257498
70263338
361037351
994813671
938840907
235868400
81109356
107270936
549994817
819845783
102617893
852864428
312965389
599363233
219347951
680801141
520972946
532896223
847700189
464062418
766002002
356062936
715776807
409810537
859216564
799201575
971515644
424356429
920384079
956710101
92300086
386157929
879489791
305853789
380971600
670847050
541722189
314597308
778117987
91717006
986959444
880735880
797097787
152441185
332615465
16445738
833242326
706104764
401858313
533458867
170167182
20376668
889521803
738460342
430187205
601254719
537661917
254219201
878127501
310562348
63445654
970427587
696720278
795451797
128797729
930208230
466298847
670519918
97321891
96933186
614753277
84281335
830185419
411851064
236722520
15317236
280813154
69964846
721422000
535187820
455940065
891589183
555564488
197978220
482565877
985751693
799232940
20227794
92487246
529876793
183306494
8449252
352820732
732543124
803901049
481618461
662751355
122716248
152138380
760073246
219649435
766891657
696870933
49834854
31259073
933593453
65152090
164588579
856074651
639090443
699776399
164531068
383195978
255340887
362509288
865761855
93608932
14258580
738506001
38612530
544135373
921812495
47061782
896956106
506871972
850962831
378574567
22139679
973679080
383229299
782212925
45844867
2637308
331600210
95679721
33896381
117710015
13348163
198484961
973784666
504954958
898261360
138315734
888150936
6118600
353341374
753912791
99727532
367599955
344935144
138340063
911735328
119263992
37918197
808691434
626135964
888881029
39782354
648275643
862560109
423011653
283004920
908404976
425648962
614605130
856601049
312061695
732315145
722465564
510546656
558616163
79936875
261324369
549448249
968087811
119959321
902789623
574516955
72203205
270389578
919452099
63059620
34641259
38716091
100977818
843332693
664852055
989858847
735631399
165644050
704935308
11159405
448648970
465856636
436808367
63254100
174974037
748870062
795569245
897439601
111933071
206701760
977376476
225773792
756150009
797980640
345733113
658939633
372497595
417936318
781845563
144466046
480995939
816486822
183182138
581973757
512335868
700550545
571832604
247967267
866194596
129284264
259126672
314843566
595140900
548451391
230614019
770114937
149837806
26183264
520070890
261770877
85401377
349963719
487544669
841551386
147944359
833277782
353007371
372958306
103730452
134852935
517424352
584726391
951339757
700606490
166700148
316191977
253673388
591049104
564159245
119867984
720333368
675802269
287227902
315474268
224253661
517841921
85589205
374091467
396541538
458176448
488378696
481942915
808140167
975923365
323494301
956084526
661717499
676501673
181559184
765447951
663870960
698983536
202690695
467727069
252106379
369390843
783919047
505779767
960439948
200594644
625647751
533289668
876396913
912875653
848763937
100650574
283233927
786869494
327258393
679775465
97562294
815637089
161718380
905702461
644076806
337729033
714303339
158310657
14230706
895862523
776274961
530618018
594846060
978965656
998345088
846952439
200872851
782264135
205248558
13829151
982858779
830896309
547118820
711772044
596288314
248399109
664938971
879522241
35268603
992197364
411814058
132830898
660350806
573532438
891049711
156943964
911261472
605353051
167770974
778008530
353731926
944045935
161142901
948577986
923011591
159487989
648046777
123884442
794268476
853295335
137713594
629643607
536707996
537348766
341415651
985512663
785747875
6354622
717551256
673532830
851068339
129365315
658880080
363935497
555414105
549929792
373395813
319191929
7799195
541166787
97200460
361531121
485212722
110859713
162625460
260740665
270347702
663188589
237141460
64616178
369000277
227371406
546776137
905708273
764720172
888191788
743737288
402984399
747062763
461288545
76517229
450647454
443170212
735397310
667099303
998584317
137843454
40495116
317776247
145642649
581661904
267493059
359690122
919390978
378352772
374831934
32647996
501216826
38020524
269789456
418349356
407020801
349677214
965125493
165245426
114397386
705833633
908982715
369898137
305412748
222787612
446415366
756060202
665957824
34329028
275675857
517058493
24688834
316170974
834834740
22847835
750349230
954844151
382537958
669740208
185713275
757369892
702388204
686930101
647906768
824694012
105279457
54927569
174371226
70404950
72689348
141284964
628754936
834188415
511183101
934167684
56976027
810114820
542744239
575450203
844443848
818420096
92508696
869132683
134591070
779859789
891980518
737456652
587220292
127034828
259713213
772933568
736921073
962101417
459863669
384827841
639311782
417659479
292271763
813683008
340580781
217477463
807484325
969335717
51665878
171183778
903503402
961158257
981298598
298763993
389124812
678258799
117184089
334149860
399907834
104291512
114009649
144404704
841748164
553746294
271439533
101461377
326679862
8360606
916079147
639059883
245704799
407907281
56719362
390492914
74106641
397300144
607970377
881590966
219152213
659636255
52774745
122655615
473310864
34073343
273935960
862435676
564848494
391120050
196585537
964756328
347927914
163111538
109161033
42192430
716857832
233116918
143653808
896054046
93993876
912249307
535113930
339698675
172672940
444349644
730191590
246779581
841649788
190678319
128370548
60802002
850314575
33661645
35973969
176141791
67734988
162426282
38577468
485099835
553546332
87679357
449856163
901474246
250790895
411533548
943666676
820165080
644650466
939836836
716219126
738644342
704602495
103849408
78343018
877275435
548199053
661050960
124055017
242365193
851729279
104941917
155683547
554560206
138603562
44173869
730701998
58854902
206600151
621795818
543954737
612662835
709475175
846327253
366653433
960266070
257860801
162836461
632947502
902511268
102673298
201682981
493671962
659792145
305532389
424531332
389583933
706247794
85582292
366155302
948612988
789827924
323613571
956812887
196904482
462217133
986756
780122832
373588387
60103259
401918650
917543125
672766094
111393825
616386730
39419527
924176248
874247531
54772341
409640102
629275151
9961991
611323083
122947114
669754136
916855473
399994798
911854421
475619619
338093443
130526075
276748959
127921367
454139646
233561847
177342201
916356779
87064955
957465034
142461519
147168215
211900036
60004644
672450661
175810214
528907726
564386541
952502814
255671609
619158882
362142916
884946761
629120873
973466000
860410227
151391361
742837825
112921377
63245783
70973796
451014820
46288210
347722756
431452539
500427857
581284603
608794741
269300988
520865910
418776127
411762507
520550477
483192515
324283503
45517491
659002729
853191229
609904032
464021895
108862839
81579266
826164812
846325952
563216491
652147164
559252531
714607852
247501341
672173908
630369987
318475137
123188729
676658198
666197893
554641268
29602407
99998848
15952361
298903395
620864759
287244840
710665903
141415236
770437356
34949406
39449079
281956437
888140636
649353111
745978333
849519827
583448729
424659497
695845779
146665220
76806661
107614662
713789425
176824354
779788570
196675764
347815843
902977299
873333962
14013737
310134920
902936369
966528937
178603633
54356117
439910048
465848474
765022020
433841637
236285830
799971426
473290716
518242267
540628414
122643828
116736952
242664593
558608909
541396449
938510372
705274130
470719462
46125034
271579907
647543816
678429957
468255671
995359660
433923608
194105986
861889749
744058528
97042355
680935038
922662162
3914824
120845087
241026988
768936844
554686724
477312818
421424623
27977440
848071437
962053037
3137620
964808390
57233983
414262882
506204839
995744355
119537012
976924302
894385742
243633271
476984470
425332051
711888942
324860482
859255659
905994928
39266583
455830540
855553636
720201622
231009054
859468460
693563061
472036042
628405305
100766137
949348860
49829928
128743577
649936649
864399317
984397550
614745039
921633300
251176784
973466231
769894008
223230148
802906885
516796102
466863419
132407707
942128153
178752361
457268190
653900164
84747290
349051125
109730704
792817278
69252747
340739758
652285738
615332160
812775800
133207395
716098297
614641012
35553675
697358227
117094014
752469345
534272129
731839053
526618997
785448913
557821636
149029357
8679061
360728521
665825459
475542480
493136229
460469964
506811193
802920771
114370129
444074835
151971896
76617185
236892113
73740996
269873296
741694204
689073156
82649096
874901599
257687806
549806461
762971627
955046033
666900475
515440972
489318162
251255880
42059969
127283427
809077517
43605679
135962488
22322390
709431138
464021320
367974971
22417455
970832513
170895742
989303936
414907349
175383991
65921121
504315814
249124987
188310769
246010018
790714495
123476218
973427970
48402301
673282679
736399597
3448334
192699506
104356921
345282848
296471738
998933242
472566275
105549255
42538921
461045115
980387998
604486412
925066435
348362969
626903867
895898949
371775064
468724155
163322650
547159055
387161628
667638464
796284042
575472398
766164835
439514889
698948616
739592805
487917191
224747647
328508754
343881877
417447153
285382027
541681078
713918891
284315269
14247353
671984499
179370543
327808821
504888849
783856955
252875256
853251818
263277174
1290557
77543234
732001329
17129559
624702289
119162957
684768024
273502683
694635355
303449211
713017573
246100323
43042016
53451116
470847970
224067122
397332993
888295123
509449149
939014071
454730367
646280770
805777777
979231218
825651313
133586598
484120067
609508268
238978206
189888237
872785442
92785116
267431472
457303123
109914675
892133761
576466081
794682699
18152797
123617788
98131910
731170370
369718112
993690278
784621486
840566082
70273752
34470831
581377558
432239253
973484903
888624277
78520024
631779032
867855495
904171337
617881982
204491914
366195958
709376540
246896503
91497752
802161656
514327975
548800876
912076332
258978089
977783309
559275383
277130886
101401097
509923646
8301256
323635561
356130276
645439094
16717996
426404029
679909925
450611906
858643282
505911180
339236183
789679658
137690212
59608030
546367348
608088546
116616296
912563306
169981439
363512799
856577410
972143095
877840775
257894638
884219427
989335216
235677947
296011163
118982454
189595397
805934809
127283710
365747310
162065085
625239156
382465306
440985466
305149081
833077212
152145101
811060262
24829747
941824759
801266826
84437777
488192107
261871725
53570425
253271765
431853164
417083225
109849176
256512611
147440352
220260166
140732039
136775568
455938114
289259554
255758022
498049863
95194363
235558084
863797173
109775800
860797240
98778832
550761267
18462673
931856044
702906368
682039287
809202144
644731127
335822466
746156273
985439587
597694191
799726699
91227704
882063707
216809924
53593232
138576318
364250276
273853399
131824709
353542196
729791513
421084263
609300218
80357728
368794978
697374654
944154901
478570779
410688246
42933733
29332046
429150919
827306130
732238414
111190207
636508274
229485893
299529025
235180899
67441832
897223216
34907598
158669537
631803275
104233874
212262769
770379593
468484150
486116168
754720655
822026346
68424033
28321270
283842916
148781761
397116249
981217570
92936663
875687028
244422168
135870396
905019074
673573088
815692878
489773840
637279647
304717504
571776085
936808672
539898404
639217918
686548240
574806002
797887455
170867867
679039877
10150224
941247460
40379
496266393
548484467
674583078
564690426
576805738
958425994
713472188
973921987
792159917
658925203
849609015
36582085
647311951
607144441
562671525
463004830
949434633
52467524
767722334
521210718
841792548
160137090
12944988
380857140
734943093
810832443
551725007
266499322
820982668
345488820
119056053
169765413
893973287
793639131
586972191
470779025
604581478
152960731
297217364
249257747
811885934
146826379
138356184
459197886
606487172
701027710
774719068
408438157
606011586
394957754
929648876
447804135
555094845
942593864
828661275
142554290
605942660
232902635
409053612
279441680
578391455
528109665
449207093
472364742
174265149
36179284
795660120
778846627
41656368
92877484
28104374
853542302
92220216
166460558
165256540
551223740
720004620
939975608
959661898
326016207
334933363
741827126
626336694
890028208
536937342
307514321
32582498
142880002
540416956
294152462
422321682
118808411
674778479
724045127
443689506
849043628
612740764
239349626
627890255
654397132
184743462
508510981
507939434
276963678
674971540
673195975
828187419
247492512
465687935
640365669
573508719
800621298
382192795
52361765
543165858
919130137
359876087
428264708
914526492
900293043
574933522
189364526
19101455
249712002
913409654
315307313
98755630
526150418
554656939
579162238
33063902
739400401
87673219
541003336
868880432
615161111
66715663
549584203
862653624
532403599
189949872
288678695
185541249
424659019
341040461
581223460
196305508
700916548
9488168
110832000
453725943
436938043
300196527
325343750
686650045
66122533
640651063
637922027
592272951
47824354
69600617
625336853
787224756
9790189
18856541
508621540
477467652
85572205
58205743
192637628
470492156
100671967
481316324
508549757
525330986
674873137
89773217
721636494
228306037
951777738
832468495
682031980
388715781
985181374
7375731
927882178
51303907
648026794
418320557
496093210
695851149
487921175
121430063
335592257
350227716
992802956
844213797
827695368
930891513
754935892
20332997
253900021
855607859
354165673
762449779
380938845
29038810
852222996
102575339
257344847
656517086
787560186
939376827
45232867
625257912
799268910
825631397
676561819
299812057
243951955
25171381
995663206
584389482
146601444
183771815
934617198
991920753
880501964
762312566
922812266
635437856
635161915
29228640
343562067
989327588
791678419
724500912
18366398
496417767
679592603
128227597
152934854
319669142
920120777
50684073
944927054
719389687
876315471
474005226
19201744
972783778
499176607
867381302
557173260
498294404
903669469
344306810
342731509
784171433
106619376
118060127
272125641
594297644
147288767
615687708
583625232
938967186
192704972
454507983
435384954
724813928
435251932
440836160
44483070
355372709
491520233
841926476
927278749
220352056
168448054
798996845
45652186
520141014
518894500
602825446
18435418
422563969
947132256
213683279
59251755
906267985
331743406
183893748
353081981
479032174
799581457
936707213
417999360
844802781
243731548
705900666
569616709
678983481
146736826
466616131
886872542
490773412
161058960
814151291
711125468
182023366
465664489
756777655
702164380
984558989
212119453
573116150
259639310
11768062
786799429
318891065
770552399
118542836
502784814
123634380
597575010
154882623
912857945
868090722
999685404
9105846
573991389
421818466
688089327
573244567
740950949
427478221
64017979
902009909
94145865
627659800
84033276
559810354
236953807
638714008
544369343
449073260
211830159
804008653
313357674
998629588
975416071
83910073
969688776
330717237
60060805
419780138
485599860
972918751
287870861
337801616
982024597
714378602
612136434
522630276
287623169
353087384
950108497
204157501
107613645
44254362
831817301
44163273
604064716
68771108
682877282
950411
370360720
747223793
657475417
683718395
598369733
632891488
767628468
568058510
963608725
827689274
987838648
301724937
653124377
128225861
492042905
635148974
842604463
104179340
10295602
982743985
309783076
960404099
186901486
417396721
4658462
18718787
314076347
461239530
940006247
996953629
314706294
310366967
596693774
972181711
994085362
195063507
457589551
614230183
615638369
273714628
294435809
455993370
575439565
947560186
584219231
67482470
435225512
279340047
24178162
445521114
114600384
333961238
258441565
301501870
603874312
115616379
172737009
917950659
576855910
112743256
767420640
891562204
275626575
364114414
716260267
122228290
411694273
173849818
588974825
27332643
447564446
883410634
483326013
875520363
683487172
920061596
795519185
971229036
51917995
819697348
269266502
166518379
6174938
527708067
468020249
610049250
643324447
493273610
380516261
72696709
458533218
147936901
964258913
734159794
364567667
533035532
708904436
776261941
706885350
297879261
803594584
6966148
33806247
139436949
882486511
569809771
59498545
530522048
541038807
111416541
202735748
810305309
130451272
208910687
190529728
598471522
671476289
833854175
91745132
51992551
906550884
402794703
52445804
723326149
136954497
417013472
256361681
698375285
193275413
815763383
996254546
849386349
822729531
882577145
988823298
557732394
452386916
900838195
88254443
845942075
864771088
143506543
508763736
995222361
352417230
699293464
446210235
23893520
533147640
390471719
928402423
292214876
793266422
980848227
15541026
782737271
397861699
124419059
333628908
443653464
940182443
182399806
293039813
615428326
64976951
134379463
25677073
369880219
887734011
113931516
215822294
605021451
109954411
724586030
452760164
462371642
276395847
898970399
338781514
809543487
141958471
119700289
101758363
787741245
100548516
969815741
422994869
350926568
94234801
756623777
794580032
34417244
939023584
87619846
502361922
4000535
74515661
528038995
226397107
962249672
494486863
442219401
419787476
604441275
19321784
872547640
66812917
295717631
624034392
258110783
957777470
765992863
377811072
912052185
406250460
330875940
881867927
829245329
681802508
828619080
585869107
476382541
715552676
377409043
416518739
217914598
233925930
343550752
745953594
460323037
158316777
92956809
902542439
578104253
697398084
774380575
450651893
616727353
70098206
74686285
874838136
880392028
693195500
105165560
792444213
99445961
436041501
526828492
781207642
117844009
207963924
219593101
446742902
923516600
597002144
715777993
141431199
830928075
59328746
739901145
291251112
217645523
832857954
46309903
795749776
382772391
820690478
98918021
999499744
743305036
26120659
726854233
476213416
571832511
832019793
121173982
523794824
120577646
648002474
305002467
90938008
855966399
524595568
390197262
631999351
121597713
105975256
625946902
805042140
17820354
218364399
96293252
235465877
51222354
995119508
883732005
286511097
668326338
982650026
286010841
264147727
861287037
12865074
740361143
433119549
697401220
861535125
956914373
670495218
362053952
114433192
761433226
70536703
491545113
4146841
702536054
465659178
110122097
328482957
270701318
127942451
546847356
219510922
215924680
450586062
67146782
99656685
737097159
735473121
934823063
875624353
999620848
796110101
741005779
739981991
81746002
290923351
454033469
891176727
961418570
816087421
5609920
575368148
886624124
349671385
579514989
589160178
815330563
689637086
770159487
86031881
670095889
169523196
158059155
886020569
620109258
225205938
985677254
209722770
960679059
773016670
85347123
812816259
421643123
678869254
405314602
503389125
969792606
859348071
247082204
931211176
675435492
105208476
359095676
414575968
454879861
938610666
3736147
270210424
480764104
626411986
208758657
150859994
795935182
219334165
36880563
268560793
444540103
875074170
478283563
257735514
500607192
416147038
70551773
922250315
95016292
328382727
278155792
917325250
187730799
525237996
701052778
715682643
630446473
60148455
130258612
85326334
998759121
986511111
208053111
332039577
612923097
416811768
482899571
261374632
636145933
372296487
529935425
933202388
99887009
8218988
43454254
600494201
276882378
114006027
375260868
224415022
294905107
653416660
141740273
482635906
178654656
695309403
50834901
809101129
755457858
181093513
746943816
606733331
20120976
954996927
938772909
633044074
224325047
274188832
894418706
860470981
499001671
276870483
646189721
598888680
137605823
689643976
51899233
414488201
656166355
427160101
491419575
951071462
80576761
485676200
286223720
111747770
180985604
337058622
773365251
788959814
518152135
520309067
248209498
538273112
327822346
39498759
23833538
552147394
313687591
770768596
265134727
812689263
47639079
911324448
264094295
185244902
600968424
168509881
452249455
109651132
595669982
943669030
60722594
528763096
429345231
346946315
493027218
462847187
684004937
266392469
251807001
54673424
639217889
500016499
445462888
967040235
539515258
469296426
519187629
705719202
92581374
784322356
370924817
140220453
548163157
635019112
177981707
1647933
803528993
630231162
111299065
251715328
573900193
172021660
632994776
855761776
371484327
126021994
318608963
55489264
244930815
422932316
962679040
884148704
922948816
408141929
851188940
314980426
729954707
222892921
20699628
822536082
859731630
244140797
962756535
407894787
879159910
140738243
409542720
535205255
623485757
520841786
639436935
49902302
545379798
272431711
905664078
916864125
250970057
76789393
824869741
495900873
499721710
787548781
380049577
275186878
48207062
83754869
590167304
778161770
159164143
463383285
453214204
18895773
707524082
268487091
279306912
439200344
261741686
688849632
826921952
885227444
62207770
466358887
935129746
607587568
591306951
840793825
376968045
842277008
917583218
201837786
338177881
269821280
841902920
570743811
545008158
890109982
654498680
135175463
520788104
813662823
451075100
974002308
685074948
11115534
95005752
964381860
302832231
356747438
505747845
129754183
241974882
567955615
448629422
29620981
28059536
39936373
870414806
405027581
882213382
640514376
459381720
72907615
910335657
301284640
643651426
307860167
43910974
150666459
295551982
417215431
816845634
746627082
243734091
501920583
610258969
338739843
318818795
913091200
695487282
824566640
42845383
937462164
245038608
343991157
967083145
273098144
383927531
690014303
530642077
118657265
183045032
990023797
44081232
945897041
143824789
687732659
253757208
187735764
690915470
549309191
604951195
507761104
148452625
848685286
862198039
758711594
39941482
181016835
524319146
735428764
5583475
419680881
525407280
103138435
763672039
345006778
376236579
115922
35021081
906878657
118773187
70582465
749418806
162854419
16479506
893243596
703103430
122753067
80979360
394018900
524578610
538446907
754296357
673031235
239648545
616494396
284259182
279590027
650027583
808578328
15018791
508127411
80775562
392942424
611265846
844447601
737949202
987502426
844563523
625486635
746897435
963336710
696069101
348832593
978707481
565064959
242076189
681810912
540334378
175571901
928346164
64912988
566535160
682642521
590460576
806183706
151653270
874719758
938290085
801680853
535814438
805825229
162324616
616590000
198767653
773590463
313553953
936716855
613609241
158117476
414719842
213023028
973970538
110788943
561855621
952678020
528370255
803931811
487005284
68704633
832020064
267867800
986133974
398555225
950510322
576594550
57255283
954679944
303830660
995545368
608877149
692161450
653886949
771201766
161267803
852654602
544792229
474821756
641887809
10917822
632939233
56607652
223940850
459426123
19912947
785796471
264620495
400799554
442244634
751625779
322020540
274264699
19493580
160670866
525336276
822520254
737265416
582591559
629716550
893612428
430653279
238593699
585773878
84540229
9795465
747041681
789711183
407104046
74379790
284115345
418021868
707319023
193239349
641962718
19261498
65668648
280275542
283881994
318984555
722520176
35507773
641005095
996784875
907517705
801675961
374637503
582554311
391457729
957229062
64787213
137586509
240398694
303380913
723360387
177455275
165692730
322918421
819682810
425313129
397298211
103798155
843334997
957133586
149553856
337814068
976395084
67738857
618089610
260277078
386723412
193126138
148301204
27728507
42427366
908335261
681920820
417064869
343405925
925894901
226810284
408193138
63481410
467208978
711574051
639358149
497180605
729783134
962276570
316863415
155096263
212091133
273177923
850947612
21741071
275248131
41278032
998136156
342986988
659367642
110929586
729710400
852493781
259230790
609955259
894921147
20082404
144392431
164502368
363488329
70287332
391312652
771681467
133768742
858521630
335771871
625643244
208218587
65555005
440436166
525082003
73167620
652527300
650776278
924115232
674268371
926024409
965393265
524920879
269011398
477277259
635850466
998721798
182287392
895081256
461193410
77208539
915163660
605585841
94227260
131168341
675873174
485539912
902849809
662158268
196577895
238621680
140317864
404796482
156693037
580754031
929878485
229860657
85797683
433171115
153975889
760066054
359195525
119369154
137503286
480723275
449162766
773353752
331961425
631450158
520951360
793154835
561175050
288631373
398740677
655402310
419799714
927130203
140942222
322649523
441804823
337520117
413787555
582122688
742316600
570480592
162876719
524711437
800341249
248674402
957882553
954317139
861256808
169594430
926202645
998760094
650317705
227881763
772113846
982279130
859331922
145581559
627950318
420506972
434212932
26690995
75909282
854012646
806337550
69367856
29178522
248142373
259404326
442966077
830265061
1720926
13446670
845658132
378948715
813787919
94332534
189347620
620621410
808105695
211458402
399340408
806865789
861776107
627222171
431495988
696571590
339070445
577077547
177038260
759577417
11290479
56245607
688003051
717819477
862583157
609887260
746997999
110725530
869291586
189964077
793506944
723528864
55927099
491681428
102477579
869715018
438530315
144341552
342852781
246636010
355799954
594709541
906018151
70092414
74448064
190030491
619180356
413518510
767108038
796218616
25612279
630914869
852464223
713615331
201250699
715047380
176018943
948248698
678289262
45310529
138212775
324312558
768839393
46656226
815993987
723833324
916371245
107040654
720691228
111740378
353676664
76491183
706449919
112211167
999099949
780897983
302241659
618280305
46932845
69349697
267015273
72545125
552780919
119479496
786160456
754031618
687043228
962179399
554796668
217848842
860006280
545525796
542161401
481362025
592182022
210671740
57711701
361069619
317712394
778402930
472809997
523905410
707410465
31776268
636116577
706510414
665190604
938358236
177307071
712123449
860224286
444322344
784668574
265521557
416318192
423345382
19553175
103361420
238041133
426866195
321210262
98047413
972391991
715888015
579409438
564574014
926559755
637121140
925643633
96788501
268040422
250969983
620693911
975450887
135262603
109326841
534477653
800453207
47685077
711784724
512576657
907909363
8623420
149761583
25947272
424941612
573106966
45500447
380819384
811148099
324882995
702029646
909195513
297274986
270434014
341121303
714365352
49510121
830758795
492525338
146298623
98799217
743495321
619508886
74250104
878757924
728835727
461244109
531727484
776520805
25545185
44304141
536946520
34168605
46582076
562893793
311626569
619689042
460910592
692445953
430837142
785793587
246991952
192549007
935584926
517425966
386186662
649950278
566936087
216945458
142475616
713234710
168261027
738487289
185259949
95027484
469761566
914095676
556271593
1489050
543132833
581816779
898309543
80079354
615985384
944891619
495489499
927611954
417097014
808916443
472574259
847934156
447226383
719566211
892999515
382811309
236992177
279186177
885277939
803928265
348647987
880269908
369679327
516909015
471273549
554939276
611936499
941035115
321551305
168208092
795040517
864684138
750024871
545866412
797279844
218526608
343274384
145285695
998654914
760371398
954202139
471229173
460821906
401428522
43311737
206337773
636756183
280303914
485523950
522034122
936748531
834171938
254820382
158944211
203597305
726093932
713883487
815533804
519645399
35434792
983741896
167202269
752635283
586283120
713068681
549915127
657326080
908859417
695200823
655980994
521747167
501919314
979726519
982569073
903347836
23038256
41423198
392620371
155858523
526947149
914654493
92607054
213635439
21991228
251551265
417232744
748085160
817951105
85282900
267730559
705902249
69024796
434932828
458537532
507824268
517862
860969012
17666700
909377279
408686187
673647694
283640799
910605501
505890566
118726224
666469689
528928822
160149423
59090060
684787345
687096572
826260905
629910752
753248363
848252133
881462017
22997459
596337293
551929474
108280359
716584205
257831724
29821507
4033385
568885608
537645776
4551247
429854620
555312476
766444879
838540807
81476523
50085678
601662660
587367089
168811902
268132349
968812263
328961325
179738761
506115961
868574249
5999667
136026713
621822612
854251800
870005082
644820071
303105446
421934557
753100430
19689651
532282633
782921938
23723036
101168241
173084066
880790636
383539214
580912894
647235515
74596373
662389417
549837545
676259034
102272858
718649447
944391383
71085122
900127125
124130145
429717435
768701374
982646164
565744148
243040339
689414316
288265582
740376762
992519762
710200139
345993545
864725765
94999124
128915483
740965154
196167366
154515901
474272142
579706580
735428795
121507657
654302953
250334565
523861554
183078339
205123775
95027353
127469723
128725249
995154478
104116220
558442684
616372205
939278736
124186832
859412544
628693052
264968767
452305658
473729167
975168906
798299203
190971284
70168031
779731038
784452790
118851749
934246939
258724932
551074681
522192087
232748941
57893986
625043004
756610495
240972326
830166779
851637849
220958401
958892029
699308679
177590973
517334713
315680884
116869709
494037898
27609780
598079113
759006665
479915439
71808280
586691923
130730994
115295917
509376306
910462033
899748707
480744407
697225324
10989992
31819088
71933763
96255285
89713075
696976767
852865781
330685401
527143547
557019982
551643802
338551928
108845013
729234775
855886641
424525898
698620836
202440891
304652030
296699949
813963908
784567469
221024582
253172184
915298464
188836851
762548490
678276849
88585558
95809250
375502173
952091902
127628338
447435937
48347188
69857765
144412704
753729321
400543166
524072603
163265655
804703320
862624531
272110668
386454447
571027525
696636566
85075283
625984768
1288597
234291585
439948677
638372418
455316167
693120861
406187234
644153018
308185703
84464083
585254928
403994953
312482609
389863183
384139644
612434898
438210371
453997409
609363954
44456044
854540576
133436558
207721699
511760248
848577441
479832367
898214696
272121318
28985286
983289979
898106087
30273883
70097916
190571116
521162653
525414083
736208329
779866240
22083453
44394032
716846675
459854734
300905338
29329284
849717917
685044982
494280534
140444640
139042391
103644489
184900684
846099319
89597399
392622383
210375920
790691192
872454750
108590616
62812511
901440036
944396947
813434950
784230271
14494864
856522418
157909277
392425299
592730747
937775517
414508753
489641131
654622192
874363487
643062821
536467829
576597756
180624155
30748363
717042396
172182899
986909204
901943080
18282218
76506603
294565463
81174490
719714148
19536565
189765106
635043011
920976602
134162054
300994313
705206873
1173270
157516731
863116150
393598569
602763830
653408019
660623674
92404961
160546564
387503513
587984135
697014393
964101269
768608290
580279108
681143665
940791189
419704665
435603097
811589760
348727620
730168560
892764250
68441768
749705126
82529357
703484779
523198080
69207763
4479092
80921305
922897385
14512175
944037456
169012306
617276005
449961827
829635981
562197319
610508391
217139494
2697806
160039136
33757116
771306096
740318245
714900781
712097286
12539262
3020231
376203398
361266882
733188791
268967648
429708651
335410269
204013357
985709782
858608349
125737472
842705227
939529655
48634857
857217402
736083463
70163516
327009760
38561642
899799497
741723431
649070034
116938991
744421237
809109170
3212459
515727333
401943767
718113241
80340971
414483029
721133472
456544369
775749912
306838615
578028370
57974915
494765237
782041727
43684697
205889938
760295552
886389924
145419593
661446761
596123679
734019408
731610277
775649791
772581051
631409774
517373222
274167437
600865118
114310811
83276607
604077577
630038144
485220375
174707170
562895468
899703404
748356994
19439837
527969668
55195610
449984559
585944583
402477199
84542639
629629281
608367137
844838191
368535557
606303083
506284952
817175588
192838843
90411582
592825379
965419894
721821356
962714953
92103683
175202826
77025764
175380291
631796756
559580261
513117018
806503926
122475729
265336774
407377273
994431918
793306443
315089235
444416478
379251026
717566434
528959117
861396659
325933571
226313660
82448569
932236654
732598612
899624157
125075498
823010194
344965889
943011744
397347903
307680842
35115428
425067081
237222959
63012071
56863837
796803220
576129089
715884116
919278949
841465863
123261389
766227219
487288658
438350624
63160049
866539685
8433410
592119166
580452696
334366981
818432826
662901265
119119988
403547791
562525423
96711838
79074337
907491312
892239934
328938592
67688506
779871714
754005674
304911465
842883785
810869511
101714685
271529226
379269979
873509986
965511442
502531368
492253558
452800100
793398344
555413607
171856137
801831754
49126
752308834
136198736
818481952
267726451
107835076
74546095
830251874
57063266
6136785
590259538
949303200
335075377
510464397
729174915
89081051
815375862
424575052
752466915
769606900
548620631
131736894
495633238
514132073
486784615
987886796
819448525
280182959
395816756
991304663
82014714
395865882
596129849
70729802
66864186
863856300
31081230
141410282
546624527
88144496
147547067
989400417
37447696
482622444
499864814
619138963
424219848
167757029
896230368
176686763
789880281
444850999
160940009
138029871
811499424
647724624
125916668
630947949
927907584
374249776
474768964
862438650
770115658
923415165
785684804
836979844
639787818
669282386
978390126
38928697
757426882
978453545
28329114
647390930
313592342
380710281
119046246
737812190
548467310
15276614
914498953
190863943
312643965
75438962
328893814
124143389
575679939
307326834
607607690
356103875
681576610
934893007
71058877
451692268
858308172
856743681
141188465
350612342
378542419
119578591
389541039
135969301
950548489
417870154
635876583
264140831
798580435
607439181
1953021
199564097
475232147
768968326
390428040
787876112
696923640
719321854
764535853
125119931
26648689
224659896
481223806
560741651
12069255
552282683
12433920
870377427
261542716
6138737
73506122
640085135
125717328
463047161
628570788
928782169
880917315
116963724
45439352
532014102
724402905
47392373
584094551
199635053
668877051
974522591
840027517
218317044
546360798
457079723
343436975
425525839
681739619
824660782
986267490
693808874
229459817
851217762
416702653
491002534
857356499
490208775
131087669
835590180
953255937
759658458
616888701
686689604
876622182
662328054
71220059
453541439
562236779
655314610
653176492
83630183
482353554
345720362
301947227
881230704
802800085
497900554
159272895
337056056
175077688
145540385
30864930
404537506
849274500
300083935
895540040
559147351
642809063
26627709
247253883
448581352
638802519
864142585
135270956
367941053
378986991
59007367
821482493
941223770
566838330
327175337
24853953
49191884
672895699
179317532
782938940
328212136
677218087
942211835
665268192
852295775
940268572
548649474
256833281
642059424
848733410
4889673
53723128
344058825
31517383
300977011
792640177
522836254
17635948
780427485
743293660
396622939
839434853
417292505
190363062
258789535
744467842
215217015
160497771
269879894
394534548
943436711
598092030
71752635
885648546
115876575
776564762
678433470
664526049
33398044
320492895
365775811
38287717
374216023
709834636
922321452
527709386
502474813
297674059
545345335
135418651
40967719
794484626
974853504
310776576
984847688
86159391
55244418
52581056
246657162
177640664
447115604
190093873
628249047
371384591
928258771
744125622
465705
606692241
408651671
33863749
779701488
774427483
924667819
6433863
336778471
699505623
534143250
839253285
849696034
79488585
974671936
743180105
726489563
802041792
53956681
711337252
888201183
961717452
763918308
134858345
139358116
63550264
177468570
620123515
287451207
105727341
364249137
287916912
564935934
625417161
174297014
197153775
252360996
98964833
203587638
589139467
650986808
737730888
280909104
353199195
669735825
108097392
96379300
396225389
910139184
2852334
960078993
650856719
964569786
576513653
638231416
956444254
640063917
668216338
576567770
927515124
626460031
793333259
67948388
43912318
418750420
242245402
241066093
671111416
193726587
444653731
112767236
844713396
182384620
393676340
50428943
852120445
501773733
146808243
100862186
264429269
149660577
60941179
915285989
114230363
489971184
406033757
923190970
130035101
74250096
352275092
910066577
553226479
145608351
978014966
597138797
416875124
72776720
838204890
87986540
266503308
282858622
53270128
111216704
317759594
446946469
14161999
22396391
948720202
160970242
123258578
213149471
163147172
36716109
980951812
129893887
526687294
239501922
53084857
509238747
166268370
405359949
271821677
719494849
403484653
102352995
316633647
820359777
175129715
7354889
760862669
441633023
290213511
814132798
405366079
607973105
261079267
419528078
630369497
62315821
433014673
606144427
275465292
596161845
642860536
108933457
726055732
22064182
348435379
779140590
383819282
514703749
37016891
655640959
234198598
440501544
610510306
403348597
113377673
785640021
410703487
874240343
79789397
700916998
688373141
337671828
161406456
801968760
757199907
644292305
864284581
42730932
250436732
139749873
638892777
745813620
101199682
364948509
767877803
449635061
996605451
4213437
964338810
33622343
659854396
51053761
326640239
122881054
454402358
440017913
908521075
865105845
166774608
840826824
418539196
855147749
178498653
579945652
509632861
788214912
76754309
373917442
830945844
327191041
366183667
469838621
73004661
467383350
687303482
693398816
917018411
683908934
697612253
733873574
570047629
209983001
784927335
749204220
332864055
239329693
41738485
93901483
104435539
208513093
934728307
375491087
63660842
965743312
955436739
425810055
753958224
32191048
799727497
437420420
211898441
18427517
907259041
137419454
338327219
447078876
683334623
107861982
130987810
233463228
841735556
553551791
443446230
626662891
155272363
628826637
718508937
197010849
722728120
675460828
405523942
509972780
50951915
321701137
328232444
858905006
747511192
82190669
743612406
399755042
372127441
955510847
418182559
131902835
945446653
756509778
578981711
628781276
864371760
562485873
862244505
558623669
116037664
158207087
37802912
123826379
787033724
756311849
320837228
362278197
431772677
726361171
724767329
335240944
48062308
52999773
194145950
795573500
987706794
937758356
47844894
359834236
745785555
466027453
491737071
543748561
75053583
70718782
25046189
791941696
485721007
887290694
350565365
454275023
898014133
388368277
578101402
537564210
144680127
898938631
899842407
428969156
625299802
477126088
764210101
525878462
530125861
810872403
173968314
370349008
601147112
221813209
730183244
199449019
687840662
74436667
743197580
615410598
997671801
768243770
407352294
483392808
508050816
610434011
937667831
406064950
998802288
368285585
943629160
995998767
267224216
695987919
277484276
745040370
25630359
894210729
270918832
555756220
705083132
444887147
926105228
158746596
666700356
508804824
358195616
207057370
435757843
101393196
822467968
433429644
869636966
82336614
769338804
230204135
692770625
559522987
636269085
544089266
927808573
432414597
392604385
47549141
980918868
522605013
792589512
6549227
416815742
63508344
414821799
974415227
360911843
193443380
133161823
880128551
702248204
491357439
87185922
138006048
445266988
762170242
423952044
167420306
697023209
45807201
397624441
242310186
605330188
33893526
786399452
533138761
318824475
31520190
580687903
152259695
554125203
225793767
158808922
823457298
141818463
573630722
797872525
502730307
767074102
783550700
235375210
321838658
127424492
175077484
312361058
572691480
937247727
588829455
740111786
486787288
634636656
137736228
729097474
239966844
24146106
368013279
625621958
195486934
399533469
58826213
347746629
806175024
284619980
506555552
629632322
426438443
932702626
280021199
929168750
552293080
63571900
17060313
874131738
43512744
192137797
39009149
616204224
129385524
627838604
356316010
468689164
114991612
346568590
197786639
354958456
370714697
565799918
980580414
566201631
817849739
39406627
913948260
624024763
176542959
273020164
106173438
602981403
58239142
238710989
384666505
610532222
154799241
401726818
337180313
198311985
593864616
376189462
814516209
575766492
856544418
23348572
44455657
971536030
369917162
94758648
179010838
740631859
660558566
12107605
159349842
330924657
51514232
925814455
954949420
80573544
51350971
913639210
683554947
109590114
152350200
68221452
720122336
307149441
469948271
57302649
505461427
63812887
286008463
172493988
492095731
142552881
195842560
536551388
114088911
565759723
631310036
145616102
158907934
144384954
157723707
318257777
475309611
61754291
96588584
282775384
142327835
147939555
48930946
825882782
257529669
201281146
894104235
977652006
360946940
216568858
34954655
