100 251
17 16
14 30
57 60
74 91
44 75
43 89
43 99
4 1
6 66
92 21
45 45
82 49
51 37
41 85
69 24
21 37
91 34
66 99
45 40
41 40
14 84
29 9
82 32
9 88
97 53
8 41
49 89
41 100
78 33
36 46
8 56
35 50
42 100
48 38
91 89
78 57
72 6
65 53
89 73
40 85
77 99
77 26
40 70
77 17
54 12
14 62
19 48
11 60
100 11
98 90
99 75
46 70
32 10
74 20
35 66
56 11
64 84
88 3
5 64
71 59
27 85
72 46
32 34
5 83
44 54
73 42
80 18
63 11
80 37
82 14
2 89
76 17
25 64
20 29
79 90
39 6
26 10
51 10
44 7
92 39
61 64
33 40
34 95
3 13
83 36
78 36
77 53
53 1
68 24
29 47
65 20
52 91
29 54
52 24
60 43
63 72
59 47
64 92
93 66
56 76
53 33
63 29
85 67
29 53
90 10
99 7
29 2
49 9
55 100
85 66
94 99
38 4
45 53
95 37
18 50
12 22
34 27
51 19
93 31
23 35
92 73
41 72
74 41
81 80
92 17
97 85
15 86
41 59
38 35
95 55
37 59
29 70
85 79
40 29
61 62
63 53
86 55
76 59
47 8
90 38
24 87
75 38
72 15
96 10
1 91
16 37
1 96
59 85
74 50
13 87
12 28
91 97
34 66
8 81
74 49
18 97
35 44
35 59
58 82
20 59
72 87
47 72
83 57
8 8
7 73
94 70
52 36
18 85
2 77
65 27
26 35
75 12
78 9
70 36
43 41
46 14
28 44
38 62
1 97
69 59
21 15
28 72
50 97
57 3
74 73
81 99
7 56
10 37
16 32
24 58
24 21
24 3
64 13
64 16
9 85
26 30
51 53
53 100
50 61
55 75
1 35
2 71
6 73
9 94
13 42
14 66
15 73
22 92
23 99
24 35
25 67
27 79
28 99
29 60
31 85
33 94
34 90
35 97
36 86
37 48
42 81
44 48
50 94
52 97
54 100
59 76
61 92
62 79
64 81
65 98
66 93
68 78
70 75
73 81
77 97
78 94
80 97
83 91
85 87
86 99
89 96
90 94
91 98
92 98
93 98
94 96
95 96
96 97
97 100
98 99
99 100