1111
882432675 383711925
334863496 555165705
676796646 474679555
534868286 154721980
100411879 892754120
752571621 132861081
139777245 712023776
288528629 339025359
188365469 609334482
653729858 414176483
148927911 891281509
719424688 742509153
175699556 477994987
723192741 141199111
318197378 829506772
65735048 191556407
599238463 200630052
527825958 253114896
407836875 276035108
21305580 62694243
48071675 508248753
220272529 773877200
112902558 40365271
502216105 508801157
922977639 153784378
45065887 155945962
898455114 71905550
402416888 617006926
610722389 926671022
608694145 125609628
169682387 928919766
129549817 674429192
927544087 768920849
897472309 509892126
572586368 187897314
696146066 918777888
545171439 473174394
513539664 916418594
277736103 510590348
664374725 15755768
24218082 53230093
977651994 561956963
31480241 775189547
701860568 232585234
210711213 642202629
423638746 163071064
837500256 380393599
1830800 405704914
915597039 617560694
805458007 899303108
670597347 340699758
813874151 354120425
123055370 68285137
431391836 179930166
48202286 400791472
306537917 95766560
510239875 72420367
847609913 284189910
516775143 394236467
36439095 401986833
565057896 727486356
960396306 312594192
718299105 255074503
725151549 962227105
714046564 633896143
974595900 383125907
737246331 237160262
157961750 640986402
820916567 860301701
113609524 589353585
537636497 869118852
941539218 420147440
704337350 47876371
294629189 641665483
896168667 73628844
653631551 183584635
496178826 313742914
568817417 614027857
428771313 214477930
700890424 146485317
529611223 995334229
85010842 528002675
168989076 266857554
127159254 242972592
832326176 989905642
711540846 93285129
513432569 369962672
270355394 505596415
147261897 70286270
143915113 564984582
748569216 895946915
209689829 797546664
264090872 97264393
311742322 631023597
777508913 545378536
540712764 12632745
393151771 307120135
426494040 625723606
868696197 562140846
404562840 406169645
499454774 553538724
923501396 116103685
474216451 12887342
83173611 46373141
463874075 473994700
369941614 79605075
877151738 64959642
162224035 432147794
63171390 993758961
539137497 473966356
339115453 840680302
316789 932366612
410606569 732267223
146924421 426810828
832980473 131819117
685357841 404003612
372623648 184951598
197838939 461375588
507748728 846840098
320834797 133528901
213133975 971622802
36582444 543292763
975440556 90285713
936561025 51322830
525289185 38611946
731808599 328214873
260581485 716920989
301704564 584641739
11452567 671188053
803007170 448628984
852632595 696949391
881900988 340881362
802256949 77772594
924612691 932256278
65785178 162522028
134144830 97963840
641256602 278919152
221721216 23243625
74566454 616697157
507825454 10798593
339013465 452371990
21809331 92150405
676792143 599594949
123299354 323513894
772142877 540761061
90226803 778822875
119704236 477291823
555064416 824644142
756900419 921961184
84483211 332193458
430157297 675201948
954121100 71144392
946904368 71413898
540627407 28358667
39157259 873987173
178875515 48452860
993119616 378170724
830282024 200684845
524198738 522428111
63189171 953581377
584920603 148857966
478666140 5932326
830576467 704624838
479102373 33730555
218440364 439993238
115195185 416101936
339762679 648597661
720011558 921832636
802707655 139183399
865686923 113155316
14124528 841864913
72551988 44562437
97763633 7244143
529672253 902834012
708931740 474478722
623336687 445377776
303826453 146368695
850993532 102002826
988249732 134402919
426912508 182612257
451230544 59206448
707804108 394624045
168973032 790993222
782692972 280332017
393487333 971680686
666061951 648379895
545458683 407611860
414856002 591130290
346480653 495738668
970217389 797044607
94938734 55412393
54297439 446070428
400589605 398765186
385684456 905290970
940419578 241355689
300562136 812596964
59737360 391650121
35159695 8366243
288698259 81226743
52907429 817852666
318748912 682185591
89797450 571485731
15132372 716723947
212462614 357169804
6730762 361613025
269541769 35196354
481266781 101669495
500434680 323839207
81646528 881856386
123212074 886119135
551232450 22066106
266232578 423774209
284656803 610969809
692196552 301392272
971761290 573355061
108057004 597620332
21622414 143026553
859750499 50370805
260056960 36754785
398367809 72213112
107409466 266787721
368457215 667909577
991748783 441192598
323048983 868891894
755011029 73395311
947977768 298777408
722551616 158759830
769729639 214210345
368118969 7208418
433079831 314442542
764579225 339880258
482906810 393653186
444023990 786201638
675472774 195173661
119903124 704080950
970868670 73840583
594266511 79828941
521021539 191842237
60734130 438531646
364443308 844070521
142847929 668261510
827021340 164937427
379147771 717915896
577640666 449267330
763709871 747266739
939663348 863236848
256890033 380805447
19523436 275086510
470260170 553430374
110027675 694996209
621353143 590163293
669992234 80896345
125254933 68136006
506667651 191013772
887600644 185989062
854250572 723627310
888564736 882964924
453397172 533788263
983055592 120228858
867495597 31037837
746791036 599281814
980087260 659675296
934761805 3681068
409627793 999610695
694606903 405021974
995185267 519655468
453068164 168476398
236612403 517693852
708707623 578323096
764312157 743280053
319423714 448824618
331789542 471079080
4867342 207988449
328217306 785186713
668740901 840439285
439721098 48229254
707904550 268048288
124245707 272324709
271935403 495182706
900204680 533873499
53528966 819058658
987535055 747906298
118116501 506597129
84920224 224147457
819943861 826824123
128165092 701748733
25344164 139367574
199872374 459954633
97657697 882727858
723167142 528089679
428835285 618914949
886963236 15404592
287729300 136739834
484438891 11208942
545082441 412181055
231239712 237159922
985066219 451127758
957724887 71291118
295438574 103182719
782523193 895161462
449426546 115382434
107266359 910688285
223159269 327287062
210014919 307138732
687744762 173333318
792248266 785698412
801103003 116580046
105836231 679211502
542936795 941348655
353529709 590275122
827435043 88019235
391663345 437285772
508576889 665017614
620716684 201904583
97066044 804015462
771914247 255756229
18960865 399008942
726296003 731696957
38835688 94636485
267969802 788827273
574525684 579096801
695676847 60218068
591945921 228145039
22010045 654029429
96820902 134882715
75418302 375539753
812825524 924255945
441789910 467081646
668986228 173918764
977934225 915022945
23295525 618568623
870093916 602364823
186578131 42256389
136892874 448906270
237733542 77930170
657026970 404862675
317597094 664775578
892920616 205220168
859249597 909543014
44425729 914930660
142986764 956070498
732842794 972360382
291958379 808328639
982247402 27149055
942172000 960944606
432029580 812697978
267579152 965467524
7723913 154639848
603546117 454157282
532087451 997133138
254512164 841279659
358571588 189114420
394334588 572109258
481652271 104008555
18939214 106100536
62171033 378594351
203471084 14442329
822770967 795013827
822162881 495429462
308890419 657534720
470232697 616851232
582318756 740919999
895559846 737811848
44485481 442559020
292208509 351622314
45418324 576572931
765687350 546720672
118829929 403989911
507998465 12538289
118638824 452998552
831592902 379454030
393896358 33326209
828340035 35063986
383009799 69183676
726718395 503019267
119870499 691900218
285336568 49467443
639795642 554705606
849780977 33412765
385035078 684281122
260854052 141989485
688710156 430453402
834443312 879057754
891596042 660056437
113054988 342441777
721895806 862751218
896077426 797164241
684744578 968308516
37492191 576933812
79953078 67754377
759654594 616726938
518710732 52339928
459561885 44991161
78403925 158506374
842787495 161859213
303848697 315955354
746408755 956157899
835215652 845075205
505131641 580852067
775810195 579328045
294595614 470702980
267867220 350222352
318530867 190673039
767606850 952611798
872882526 208539410
677782699 700076280
604932559 485053471
382560983 196493430
207516155 917010796
78870008 313481259
629436612 50303650
858977900 235235057
80310261 375845367
809213785 546709903
126037947 437958253
908661232 585023979
935246330 273149913
463822951 29044803
981656600 106293549
167349310 83946153
636538784 707055477
192108947 845132008
41625437 93987694
10998489 574669929
888151187 101657944
4477945 89868497
177619905 370104151
745949517 863455844
410165746 257930165
695888417 407679653
992703631 388720044
661869956 457066000
486110802 780466312
739276212 978209259
62155411 320283754
27339230 906625521
751757528 551210546
645198239 71964529
646634457 645899317
747557260 656196728
598581576 387301996
757406146 752035204
468007399 776201480
886647996 355872014
763551666 878173144
119409539 435052764
892118763 608771648
241754311 633795847
612005105 378229564
698513317 981030523
740172395 526676867
77887412 578368899
650333427 344446275
990345591 575602002
84315081 149484235
536786230 590419202
194970757 682896656
311614487 146708727
355097092 662978155
393667650 50778834
485831597 118648757
579936756 365593540
999389386 377950359
608696275 674207419
507754293 463910842
990587708 159725943
738094841 247926687
592372961 920991471
349109825 388428267
537912502 435234903
878170456 433424905
116321561 927215083
73923810 73141212
588635718 280452399
331231233 281537253
252702362 834819719
200413259 817062829
47529540 832639117
359362887 52318996
516229838 656225814
815951756 867117179
115043866 359333897
132841720 406562949
794991215 559933178
847684433 481951544
915376448 185420068
112635151 725854888
651512452 884214360
17183111 39075312
173128916 92664521
927484240 348414343
17993523 425831277
110986746 980413850
32732845 65523062
574265227 470349632
337466811 548962682
908296579 242733335
649296283 305027028
717476557 41138298
375606193 296803849
334740269 565160989
143532229 290982640
27713352 299891771
191483434 647561032
740225552 44896462
393310804 364612349
790443626 520226143
353156344 263820678
181860092 901430371
371780002 385889189
787368222 756125318
851375004 561763164
866790191 548181152
441835801 353187638
649991487 436783100
1944088 817441993
108424633 984731755
137139877 997992668
645553699 136137984
33550797 328623310
693235658 238295603
611038097 426861600
690682277 483679283
237626005 964194441
202599981 872542368
481184038 609406007
23685522 989968202
538149354 185075393
538263031 890475713
179775164 979985154
649943499 40770869
25502623 34235603
32228271 610884483
599538818 15158851
343782160 530298321
768593923 633089614
59951213 37017817
373213452 232148372
196342812 603149841
328208561 610839456
72761814 398942792
241427345 661908950
846984342 96447336
986923048 779576698
612078204 385247372
426018240 19214563
53450165 114538054
725422536 304037214
319196064 85678435
615976756 324961353
958050966 662978223
552512392 237087030
469235401 870518530
326184722 925725843
536565298 518094564
917037355 506909634
168818583 609327112
705774447 10981052
790557749 15802925
253566648 545213846
564428408 255152304
369690357 532101240
836138453 617878572
556073359 95112892
272590596 7850869
523345443 24566466
261653495 83157913
806192794 75857834
1583676 583405248
101499811 132377516
491803501 390665326
852508789 871053518
882034569 660622084
528941360 410799587
956013432 525108669
780260973 635024359
167125598 372958191
843353114 2467681
950096925 855780403
863631271 399426472
423992937 75203872
158361785 239493065
315350899 538162784
121568031 964554578
949448445 169450926
412632603 75584193
946637710 293768298
954390381 265141391
675940977 828672278
206297299 335848092
970872450 484470760
709945302 986558271
841542303 990514400
846294802 553298416
805241239 791639227
866843099 562442424
801935488 81750528
619913311 877721235
694792164 969802738
139253664 741481341
817065533 496756961
790525258 404402618
669544009 616219595
297408224 597431990
933280081 198001337
534988449 503705522
342780144 756668882
599699633 244933750
650748517 184322447
828478025 298510786
860953209 455989756
537740283 547837475
425558709 515405049
337724138 10169945
751651285 120350873
469624185 329494153
733896771 421233169
37452763 260149442
857581431 255957131
453958467 187377339
691082860 643377863
252563096 988946915
86397017 33863004
70701802 852262729
3289866 737145533
45651640 899179826
447017301 864243075
232164475 435908274
446078218 725092361
697959585 569888612
899382765 50245854
471479023 167583769
280249562 485795887
741753017 361448137
548825475 137830992
633725206 48227835
37174750 92424687
126287690 738804654
443583734 976088118
565750002 196989491
96169316 446873599
163633025 611401642
47309915 395702968
120795329 395797499
818202463 345904485
396150338 671271265
838855034 570101579
55897465 867629360
81593849 119104595
109451939 797650481
845878315 482935675
575360361 595693496
187014501 735569416
564173885 701648050
751153892 630598234
77471833 129923887
593841880 699839560
95542527 241104857
489418708 493668146
839572630 68854207
592641824 307621170
877722748 235722968
955868679 284013209
255634155 786136564
436303396 37462527
372914554 217602445
813295941 134698062
870267478 948274914
502439316 310441
483425027 286957714
416881600 253593207
953432766 560896859
654518067 10723479
356907977 901491645
822862203 143936774
304074295 196480606
284719925 268020378
552033586 34313394
820449957 240588604
130567482 807667741
25270185 256753352
391451414 503482035
304273301 691082477
543909270 114235243
401192956 806712616
60305822 27334296
440747506 670590908
533830738 866254940
620262936 95265572
91718698 890738714
87219320 295641490
563661868 395792992
430106386 224455596
465044199 115695453
775879545 250556342
359826046 448128033
951610067 801149730
344748558 751277459
718029053 108399719
915112334 888657827
915992122 119222008
642329267 827934508
546705799 209255979
304521551 176160005
66898718 19485086
315126575 396240248
792033239 6634389
83606337 731304794
699516599 74655976
325212318 548650535
996778567 475396143
129062224 685038363
288832173 800904986
909304704 473810782
214984960 6861225
978599584 676933390
504867897 130977082
192749412 473445203
649605207 51573695
71058780 497270962
746027561 569020276
428171017 238701706
970006500 390577152
465233127 511777353
912944239 522039450
997435592 790445444
328000158 762239158
415660495 979014168
305341301 469348682
328726258 177481550
854414939 520326260
503819693 159842194
633287396 211799187
115889233 696569105
46356418 135408954
704429229 39464364
278166070 792383979
182961130 985116597
349410301 100688921
622728370 648194256
291156052 262354540
24593697 472680313
304210832 471672561
941021243 292770543
470252092 609552132
129878392 269747500
429589693 324667031
536466217 633698084
182783540 62877088
50802393 652355450
691819813 229139958
21523936 755231622
592864570 822502234
923191154 57001417
705195672 942274871
57145762 398435875
723632540 848868075
320540636 81739458
227026352 27843371
637395503 114078230
383825729 697278443
21945473 619790246
106004681 665931774
581325213 410928042
915799843 288788221
517928178 632127606
239875579 460136007
282638241 539452113
596453529 832740148
775015018 58345746
309297973 154165552
3033627 832160779
766416588 32930512
60773882 176090614
290168843 993442939
543237734 550685736
22992333 526510923
192442696 417699558
828627599 128997014
417785234 773767909
258411866 596943793
57079800 935713411
327681875 498287444
331027591 192234392
250580137 924135403
930817306 958558961
643236091 559878109
445324972 786367284
962457897 262169031
108128321 358615206
909300941 105143091
631654014 651366054
69065612 932293274
61290287 676613061
302897321 750209562
347153355 331591872
267305282 561309186
59596629 256749506
448983897 594987156
371638910 243140572
201699532 699564033
111958494 154972567
941339851 844935622
107104652 557283465
915898670 756314099
861457190 67749325
719115378 677715963
462525588 345627555
22240615 788180989
390906903 376332226
707924097 177654288
738963473 738060257
994809762 827745730
275249237 798560102
41700673 296310010
995874042 646888146
801860712 95916556
793368529 960348887
370148704 595716914
352031013 752989533
820738857 138563725
816279687 66004554
264148460 539854234
180551575 131321626
360170203 138905426
316559713 571458477
162035085 68094299
748356380 55523186
706599639 9361198
305671207 23605616
523010113 600816663
696733218 154061600
114410487 177387177
773104090 342618098
95607630 337075542
475639266 125135102
43656007 916346486
308717072 144435305
275756930 307804466
446709892 341784998
913243474 635927133
556537783 763269604
671309141 927794910
937156107 157410515
181016130 377908779
978725441 95343665
101921616 704026243
881413419 527975010
870593108 68848454
405923995 507033860
484685314 818717089
587579927 881563261
25998565 528341320
688662138 896296998
90598347 154271846
790198978 135372029
751157984 3841820
784153081 199253113
356663627 274983477
652892255 573825539
669169203 390196108
94222350 484134048
864625409 771090818
839939272 828152120
187702332 587734868
406451957 98379618
979942878 672387645
53245316 994031883
742845232 5941442
12729640 741907453
729795833 833443578
689801749 802928617
854698081 333470169
608453645 326471181
900296719 63878059
454074167 113862251
597996298 421982273
45589442 400812868
81481340 315138059
902872926 885528713
983908331 269183671
941571315 161841234
8389468 816367560
674825354 994816630
736724083 751234699
437194628 687554993
342999961 319036267
652506435 979512728
305983908 197698042
261576100 260960079
374822330 58796978
480779250 715650266
116463134 825334979
140473037 526368692
264413756 50460825
319644495 43345963
57703548 100838438
917205998 261215809
108548790 66093016
817327714 592031351
132102695 845272872
16825491 107038694
86551421 475102655
672800696 669331925
930292004 245051681
303848658 786893148
355059765 157630685
982965663 784627908
163512951 324039250
374500074 975955052
871817366 427926706
528765144 694144568
955360376 929520913
995613928 445971141
890518843 63909166
761698389 665457994
772496687 22621537
497724191 778523879
300372156 711564459
809132491 23041239
809934386 83180511
240811195 112981149
750125408 17510502
341549752 76293209
52248260 913638358
194081415 716049825
410194393 776581977
706102890 722846558
21334050 218071120
134496637 554233169
219691162 911852892
934474428 748711378
379751608 844704200
408785011 284714971
160272561 680123763
763304273 217917501
183415001 970206946
987717447 4115467
932925028 786056760
552211469 181783550
897833375 837689639
614271616 746292884
469139441 160544119
378615238 172890857
727124025 490473491
254842734 365628227
114339604 799331539
644035738 41833514
326548484 494091211
26731326 52820748
123254601 486821044
309544341 790035598
646667417 159185953
945242713 149778139
331561689 579592444
269798434 497454181
96263416 81911415
242455533 884070049
909477257 565402857
908392699 621070770
986698996 489117634
288449172 163235432
205068945 953554951
300162514 785001261
690338361 384133780
870954823 326893839
116929436 813592961
972778913 33015515
35310006 763596852
195705647 770537977
120508510 366871694
448783108 465504081
202090481 216771925
782174781 691238640
164825761 111567738
453201723 543083831
706319263 4041109
957596059 741650894
379168506 763904559
148038339 110274924
437168762 69506866
735616178 871509513
904525028 554098198
170211401 560911443
331449419 939835033
159223078 218433400
683937480 451957928
668729853 460522537
4277528 738544312
702628401 303420985
846504816 169103288
25660748 155830123
749997368 405340430
21761340 983256807
93531730 129165874
51189091 169799678
41309191 383216844
937315041 786805269
347716711 798350570
590701954 960042793
178476192 531682481
983640409 602441383
62963919 714930023
453474335 504886613
660823949 67241446
88861085 8619087
164449210 359845116
765185545 114521833
97778639 914446577
896128802 786946885
809262914 43826720
279559915 947317893
734123161 703088456
353955377 69391307
29434100 934356223
466038703 944657330
399615064 60426643
775356666 302195463
659598427 462578982
382336779 81347352
89966438 320422376
680267491 471197864
585719696 254415647
21378576 297969388
937432624 536014686
432357757 917507377
717341621 746695537
302300345 711917672
781308978 303981133
238337355 656255721
453429403 810743077
871169720 556892410
859087872 853044466
168139800 499042737
580390088 371202651
691625026 550476578
21674441 670356525
924772172 224408868
374894607 607394136
143408821 798667099
568690827 312327230
911539119 428282930
140200601 286032448
590013580 213839463
870095183 921509578
584769007 680867287
237759696 176040937
29085403 308455078
807497814 949363919
320566569 197225202
747701779 240404253
910760777 864707946
89116814 621892572
81803059 688049300
486716398 316527772
628855002 77728232
506011161 55407225
193956024 392910472
606749934 646211761
420237690 636485955
317353241 329361468
505402405 857523048
18494477 407629288
356993207 387004159
584229360 825992290
66396542 530076127
394784073 184447490
806340061 829673671
517722970 336417238
652945009 888143120
965871351 856955720
764879296 134316362
527226833 324398863
970610623 958835319
447837625 986493118
168370938 243364664
100887712 765190866
25336505 673773342
60777500 119382188
797890830 382329711
912405838 497523211
534487052 716803723
398993745 159706262
348639851 193343465
81486584 916716715
626188786 1584859
988417573 899874286
76789500 391068081
202419751 368160757
354653875 47400122
143281137 650257375
267964592 523024812
49314505 96685200
68583740 293301097
528147159 962608356
312647918 718990921
288310995 293069348
452775609 847134969
40478433 687304740
456537806 801415459
655516670 974481368
726872005 82726591
326311023 496450594
864611350 803661504
703577977 528730773
31504499 71781576
594806387 846859114
796060665 151985443
445286539 496637243
459245598 864644404
436151676 973433697
