100 86
359 621 75
569 240 566
741 59 677
145 714 646
720 295 227
135 696 481
282 317 109
108 644 745
511 425 553
573 265 610
594 329 136
374 848 81
89 493 90
716 344 754
266 213 755
444 53 355
74 842 622
133 99 416
584 315 546
286 593 516
602 336 795
688 415 792
719 454 435
760 74 729
418 291 647
322 685 405
627 464 396
154 302 200
275 836 465
771 272 208
436 824 249
380 416 370
321 284 529
461 749 554
94 317 795
446 589 384
802 121 553
102 225 560
253 450 546
423 370 523
336 756 251
536 841 617
611 66 606
289 478 505
793 277 527
492 674 265
581 380 336
283 432 511
549 635 666
244 208 185
472 494 646
428 735 636
750 495 408
505 735 591
715 432 818
391 74 396
362 360 726
648 594 308
64 848 648
680 241 561
571 418 205
121 796 645
463 695 846
821 104 485
561 770 66
528 65 646
74 377 156
505 731 455
763 500 452
561 84 398
827 605 766
737 432 711
532 845 555
282 815 364
717 280 283
733 513 54
284 537 381
390 748 817
795 660 466
151 125 256
499 102 566
414 789 147
830 225 141
289 457 661
603 323 90
592 762 554
596 195 796
682 290 448
649 790 258
820 90 88
781 294 696
497 413 390
594 392 320
441 386 728
807 138 756
848 435 422
306 180 322
807 568 562
405 121 256
368 90 51
