1000
368 29
935 319
203 935
775 319
326 203
750 326
155 935
874 203
145 203
443 326
362 750
826 203
720 826
220 362
256 220
316 145
440 935
452 326
513 256
866 775
622 720
52 319
185 52
937 256
957 513
465 440
267 720
245 185
939 326
646 316
732 440
250 622
947 326
426 319
301 52
623 947
745 622
754 939
100 826
21 426
934 203
54 775
80 866
542 452
344 513
274 203
422 937
76 542
818 344
894 513
419 76
57 76
349 443
518 54
128 518
743 316
432 646
329 646
522 21
577 76
634 866
31 349
74 319
414 76
721 937
360 939
632 750
890 344
888 256
40 329
400 934
373 750
674 522
16 775
230 622
376 866
816 414
737 274
275 721
479 522
136 301
254 155
805 57
595 155
582 737
968 890
189 518
585 542
913 245
576 890
892 775
324 935
516 275
68 329
614 16
224 775
37 274
396 349
714 316
548 256
375 745
777 68
896 414
91 866
431 866
3 754
779 890
226 52
562 582
423 57
450 732
739 745
172 595
468 562
391 274
728 874
709 622
216 431
517 275
515 595
288 21
539 226
860 516
591 452
853 577
176 775
63 54
859 939
928 522
259 76
811 728
756 288
273 957
713 562
290 623
253 632
586 750
538 750
318 3
660 80
540 947
753 245
905 935
724 452
196 660
173 720
553 586
115 779
202 52
955 517
429 290
685 220
867 349
693 805
463 431
786 254
964 513
901 440
208 37
190 196
28 275
184 301
12 273
687 28
255 595
138 290
847 344
616 859
722 185
159 623
692 259
249 256
962 591
378 513
840 57
976 964
177 913
444 378
269 939
398 249
186 344
519 585
201 250
927 623
511 576
983 16
347 230
41 362
971 479
569 208
980 203
214 208
456 955
523 947
19 826
442 16
512 892
945 465
88 172
529 685
792 775
157 777
977 431
675 249
665 753
991 216
474 743
406 739
35 16
846 274
906 754
241 224
183 614
984 479
270 518
473 971
568 964
989 847
14 665
32 720
953 115
187 426
882 513
715 935
667 866
53 3
729 913
320 189
862 518
129 398
358 955
558 511
865 452
917 423
944 523
460 76
158 57
946 19
596 465
75 88
899 183
298 465
904 479
643 275
197 53
933 316
45 623
82 890
920 288
175 538
111 88
461 175
557 270
81 913
94 406
923 984
284 865
929 892
381 859
343 175
716 214
891 957
621 74
327 267
144 516
619 729
333 128
50 190
447 362
304 269
800 756
413 288
907 53
348 443
34 202
167 318
467 479
133 467
999 586
689 175
387 187
71 460
766 846
478 203
854 465
169 216
26 53
390 540
525 290
993 362
36 964
15 811
219 391
107 94
755 766
459 720
782 479
83 557
566 387
385 376
488 269
592 133
67 201
247 274
824 800
416 111
8 800
122 333
615 847
941 621
547 853
403 16
821 275
681 270
285 347
212 76
543 155
494 267
345 622
336 753
401 619
578 68
282 423
102 465
161 634
690 553
4 826
171 381
55 920
18 750
697 431
139 390
421 16
165 398
604 270
77 939
734 184
744 77
532 905
436 681
875 847
59 999
799 896
620 26
251 512
448 622
93 136
584 875
314 939
402 494
911 429
830 562
825 324
199 913
162 586
814 460
283 250
822 515
794 270
234 859
986 523
549 32
1 518
915 4
837 413
99 186
355 15
668 88
510 927
469 473
480 327
581 576
571 14
603 860
909 145
44 241
508 290
399 440
691 28
752 298
682 381
764 716
383 256
215 452
918 133
583 406
276 917
366 301
486 632
695 775
300 976
666 615
765 214
207 144
704 185
87 169
736 962
151 155
658 937
79 547
804 935
545 167
760 79
921 582
407 571
64 79
967 826
405 226
235 184
412 907
361 799
763 818
502 139
994 596
118 734
506 486
852 452
453 273
599 728
700 362
266 515
218 518
788 171
651 375
191 270
228 327
323 107
498 151
6 400
313 894
198 333
711 256
477 547
881 704
296 558
948 976
354 700
627 986
243 522
51 582
501 275
364 532
30 459
257 304
575 54
346 387
497 734
885 55
817 333
970 448
108 177
832 391
637 346
624 390
930 604
237 300
221 51
677 215
526 668
454 320
514 175
148 30
910 846
550 614
831 273
555 468
493 326
305 682
195 516
605 516
258 267
471 406
263 319
312 821
340 266
742 320
1000 28
23 937
528 201
694 578
686 658
233 756
125 329
109 41
476 756
42 228
119 909
160 51
356 79
137 173
642 716
322 79
589 575
193 298
142 821
978 586
848 165
227 429
679 677
703 74
330 896
969 480
106 682
379 421
884 994
725 80
449 336
688 35
143 473
641 159
85 396
612 910
371 207
7 542
996 814
458 118
625 436
92 557
430 621
869 458
105 478
702 390
238 32
353 695
769 691
876 852
956 3
791 108
932 36
656 760
393 874
43 165
427 786
684 290
895 201
979 282
437 106
56 703
39 920
163 465
294 469
315 125
264 336
178 399
610 955
639 322
72 934
411 216
706 405
645 576
564 576
166 254
626 371
806 591
727 882
306 401
774 85
225 920
836 108
409 545
392 645
761 913
244 322
640 444
819 298
609 288
262 852
857 869
787 891
485 501
790 336
181 447
174 355
521 421
213 582
388 945
776 263
676 826
607 743
524 526
293 106
629 550
653 167
236 373
307 585
598 218
650 443
140 99
926 689
546 371
961 274
126 620
758 34
600 79
424 497
89 904
561 977
156 722
134 525
13 700
990 816
940 77
992 35
487 267
966 230
394 276
767 564
66 754
492 642
124 356
484 125
835 234
662 745
520 480
90 465
428 314
541 506
27 251
698 501
359 423
883 398
801 497
149 59
987 634
61 918
588 169
370 620
328 927
58 512
812 144
664 327
573 528
738 91
418 304
410 40
97 967
638 266
802 627
438 102
733 866
696 165
470 151
395 7
439 987
594 756
154 15
657 88
845 687
710 999
670 140
252 520
112 791
110 539
652 666
544 588
210 378
495 249
936 392
239 991
321 739
572 239
49 814
902 667
669 892
708 40
153 987
897 244
229 549
903 154
771 456
311 493
886 814
527 442
95 458
374 173
673 439
231 108
299 704
778 411
368 23
628 689
858 501
849 480
844 1
699 911
180 583
382 571
530 497
310 909
217 867
960 674
397 376
420 897
671 598
265 3
723 753
291 149
783 30
152 250
661 766
878 818
457 370
797 984
554 830
280 23
104 296
606 402
879 915
565 927
537 910
958 138
98 725
951 979
959 727
489 185
567 327
574 452
839 920
972 728
534 679
377 906
601 860
505 423
302 449
490 310
69 497
995 450
531 888
481 75
179 71
636 866
248 876
292 566
341 218
84 744
441 180
793 779
663 484
908 607
659 465
116 506
731 983
898 187
194 857
954 527
740 787
60 763
975 136
919 513
678 524
24 686
644 609
369 867
168 954
446 568
924 145
38 874
533 189
114 961
101 314
408 465
579 595
350 704
803 55
873 31
963 539
726 888
719 857
998 288
838 379
649 696
864 85
617 641
535 333
880 53
113 288
466 713
62 266
949 864
827 422
309 498
500 790
922 955
335 107
147 915
887 535
268 484
337 469
815 561
931 129
635 945
29 438
96 282
261 254
209 43
462 644
813 883
701 637
434 306
277 510
240 261
417 837
552 92
86 600
759 398
127 812
317 990
772 111
260 802
10 955
820 924
717 786
770 1
404 677
746 526
200 709
751 152
985 970
297 118
389 489
647 758
223 307
46 806
425 625
672 508
580 882
855 252
342 845
654 547
509 85
222 51
278 133
861 732
47 623
117 819
464 704
843 580
942 298
773 422
279 393
308 646
103 776
192 488
798 217
974 527
747 222
850 660
900 422
272 516
287 488
206 319
482 586
504 422
560 77
435 543
271 362
70 825
916 691
563 151
593 291
768 673
372 152
712 624
705 19
613 939
332 191
5 951
503 606
352 722
120 54
789 112
965 541
33 395
472 643
842 167
988 619
367 970
78 461
784 665
363 572
2 721
246 616
570 733
870 656
211 388
856 340
286 187
925 49
608 349
707 779
780 940
938 696
415 508
889 996
507 614
135 500
17 366
912 416
22 477
633 161
150 866
559 243
242 761
795 467
630 283
351 754
809 535
132 106
491 104
9 16
785 860
796 519
757 178
182 319
123 210
455 461
597 797
451 105
748 91
295 137
205 640
834 91
808 340
868 36
380 387
386 223
829 419
536 405
833 905
483 714
384 673
325 480
11 583
496 831
943 857
289 54
997 333
893 957
973 502
871 479
232 746
914 661
25 746
735 320
828 50
749 449
499 480
131 221
65 887
648 644
141 654
602 976
655 838
950 467
851 1
982 191
680 805
73 208
48 193
781 580
146 102
551 546
475 885
357 891
556 420
841 37
433 254
810 348
164 503
823 229
188 698
20 50
952 325
683 157
339 873
303 175
331 558
807 661
877 998
590 207
718 370
121 128
872 15
338 525
587 409
281 309
863 644
170 621
741 766
365 336
130 76
334 549
611 780
762 32
204 110
981 727
618 458
445 249
730 236
631 771
