1
60
0
1 2
1 2
0
1 5
2 5 6
3 5 6 7
4 5 6 7 8
4 5 6 7 8
0
1 11
0
1 13
4 11 12 13 14
5 11 12 13 14 15
4 11 12 13 14
13 5 6 7 8 9 10 11 12 13 14 15 16 17
14 5 6 7 8 9 10 11 12 13 14 15 16 17 18
15 5 6 7 8 9 10 11 12 13 14 15 16 17 18 19
13 5 6 7 8 9 10 11 12 13 14 15 16 17
14 5 6 7 8 9 10 11 12 13 14 15 16 17 21
14 5 6 7 8 9 10 11 12 13 14 15 16 17 21
15 5 6 7 8 9 10 11 12 13 14 15 16 17 21 23
16 5 6 7 8 9 10 11 12 13 14 15 16 17 21 23 24
13 5 6 7 8 9 10 11 12 13 14 15 16 17
14 5 6 7 8 9 10 11 12 13 14 15 16 17 26
14 5 6 7 8 9 10 11 12 13 14 15 16 17 26
16 5 6 7 8 9 10 11 12 13 14 15 16 17 26 27 28
13 5 6 7 8 9 10 11 12 13 14 15 16 17
14 5 6 7 8 9 10 11 12 13 14 15 16 17 30
15 5 6 7 8 9 10 11 12 13 14 15 16 17 30 31
16 5 6 7 8 9 10 11 12 13 14 15 16 17 30 31 32
17 5 6 7 8 9 10 11 12 13 14 15 16 17 30 31 32 33
18 5 6 7 8 9 10 11 12 13 14 15 16 17 30 31 32 33 34
13 5 6 7 8 9 10 11 12 13 14 15 16 17
13 5 6 7 8 9 10 11 12 13 14 15 16 17
14 5 6 7 8 9 10 11 12 13 14 15 16 17 37
13 5 6 7 8 9 10 11 12 13 14 15 16 17
14 5 6 7 8 9 10 11 12 13 14 15 16 17 39
13 5 6 7 8 9 10 11 12 13 14 15 16 17
13 5 6 7 8 9 10 11 12 13 14 15 16 17
14 5 6 7 8 9 10 11 12 13 14 15 16 17 42
39 5 6 7 8 9 10 11 12 13 14 15 16 17 18 19 20 21 22 23 24 25 26 27 28 29 30 31 32 33 34 35 36 37 38 39 40 41 42 43
40 5 6 7 8 9 10 11 12 13 14 15 16 17 18 19 20 21 22 23 24 25 26 27 28 29 30 31 32 33 34 35 36 37 38 39 40 41 42 43 44
39 5 6 7 8 9 10 11 12 13 14 15 16 17 18 19 20 21 22 23 24 25 26 27 28 29 30 31 32 33 34 35 36 37 38 39 40 41 42 43
39 5 6 7 8 9 10 11 12 13 14 15 16 17 18 19 20 21 22 23 24 25 26 27 28 29 30 31 32 33 34 35 36 37 38 39 40 41 42 43
39 5 6 7 8 9 10 11 12 13 14 15 16 17 18 19 20 21 22 23 24 25 26 27 28 29 30 31 32 33 34 35 36 37 38 39 40 41 42 43
39 5 6 7 8 9 10 11 12 13 14 15 16 17 18 19 20 21 22 23 24 25 26 27 28 29 30 31 32 33 34 35 36 37 38 39 40 41 42 43
45 5 6 7 8 9 10 11 12 13 14 15 16 17 18 19 20 21 22 23 24 25 26 27 28 29 30 31 32 33 34 35 36 37 38 39 40 41 42 43 44 45 46 47 48 49
46 5 6 7 8 9 10 11 12 13 14 15 16 17 18 19 20 21 22 23 24 25 26 27 28 29 30 31 32 33 34 35 36 37 38 39 40 41 42 43 44 45 46 47 48 49 50
47 5 6 7 8 9 10 11 12 13 14 15 16 17 18 19 20 21 22 23 24 25 26 27 28 29 30 31 32 33 34 35 36 37 38 39 40 41 42 43 44 45 46 47 48 49 50 51
48 5 6 7 8 9 10 11 12 13 14 15 16 17 18 19 20 21 22 23 24 25 26 27 28 29 30 31 32 33 34 35 36 37 38 39 40 41 42 43 44 45 46 47 48 49 50 51 52
45 5 6 7 8 9 10 11 12 13 14 15 16 17 18 19 20 21 22 23 24 25 26 27 28 29 30 31 32 33 34 35 36 37 38 39 40 41 42 43 44 45 46 47 48 49
46 5 6 7 8 9 10 11 12 13 14 15 16 17 18 19 20 21 22 23 24 25 26 27 28 29 30 31 32 33 34 35 36 37 38 39 40 41 42 43 44 45 46 47 48 49 54
45 5 6 7 8 9 10 11 12 13 14 15 16 17 18 19 20 21 22 23 24 25 26 27 28 29 30 31 32 33 34 35 36 37 38 39 40 41 42 43 44 45 46 47 48 49
45 5 6 7 8 9 10 11 12 13 14 15 16 17 18 19 20 21 22 23 24 25 26 27 28 29 30 31 32 33 34 35 36 37 38 39 40 41 42 43 44 45 46 47 48 49
45 5 6 7 8 9 10 11 12 13 14 15 16 17 18 19 20 21 22 23 24 25 26 27 28 29 30 31 32 33 34 35 36 37 38 39 40 41 42 43 44 45 46 47 48 49
46 5 6 7 8 9 10 11 12 13 14 15 16 17 18 19 20 21 22 23 24 25 26 27 28 29 30 31 32 33 34 35 36 37 38 39 40 41 42 43 44 45 46 47 48 49 58
59 1 2 3 4 5 6 7 8 9 10 11 12 13 14 15 16 17 18 19 20 21 22 23 24 25 26 27 28 29 30 31 32 33 34 35 36 37 38 39 40 41 42 43 44 45 46 47 48 49 50 51 52 53 54 55 56 57 58 59
