6
168
0
0
0
0
0
0
0
0
0
0
0
0
0
0
0
0
0
0
0
1 2
0
0
0
0
0
0
0
0
0
1 10
0
0
2 27 5
0
0
0
0
0
0
0
0
0
1 23
1 36
0
0
1 2
1 25
1 6
1 17
0
1 32
2 9 24
1 37
1 40
0
1 56
1 26
1 35
2 42 7
2 26 59
0
0
1 25
2 4 16
0
0
0
2 66 4
0
1 41
1 64
0
0
2 30 28
1 32
2 66 4
1 35
0
0
0
2 47 15
1 74
1 14
0
1 73
1 12
0
3 52 75 46
2 76 28
0
2 77 32
2 26 59
3 21 48 2
3 55 37 11
1 74
1 17
2 91 76
1 19
2 79 35
1 2
1 85
2 85 14
1 88
2 49 25
0
2 32 77
1 1
2 34 27
2 61 7
2 88 12
2 41 72
2 80 22
1 3
1 23
1 81
1 82
0
0
1 45
1 59
1 89
2 83 47
1 1
0
3 119 100 19
1 67
4 97 57 84 74
1 13
0
1 115
1 107
1 41
1 6
3 90 46 52
2 127 100
1 17
1 107
1 123
4 64 73 126 87
3 118 82 131
4 123 92 140 89
3 17 98 138
2 8 20
2 113 41
2 61 111
1 86
3 43 71 63
2 29 39
4 36 45 121 68
1 128
2 1 109
2 33 120
1 10
1 148
1 117
4 56 58 69 40
3 149 43 71
2 139 107
2 114 22
2 82 142
2 154 120
2 18 38
2 150 29
1 130
2 164 38
167 1 2 3 4 5 6 7 8 9 10 11 12 13 14 15 16 17 18 19 20 21 22 23 24 25 26 27 28 29 30 31 32 33 34 35 36 37 38 39 40 41 42 43 44 45 46 47 48 49 50 51 52 53 54 55 56 57 58 59 60 61 62 63 64 65 66 67 68 69 70 71 72 73 74 75 76 77 78 79 80 81 82 83 84 85 86 87 88 89 90 91 92 93 94 95 96 97 98 99 100 101 102 103 104 105 106 107 108 109 110 111 112 113 114 115 116 117 118 119 120 121 122 123 124 125 126 127 128 129 130 131 132 133 134 135 136 137 138 139 140 141 142 143 144 145 146 147 148 149 150 151 152 153 154 155 156 157 158 159 160 161 162 163 164 165 166 167
170
0
0
0
1 2
0
0
0
0
0
0
1 9
0
0
0
0
0
0
0
0
1 11
0
0
0
0
1 8
0
0
0
1 3
0
0
2 11 21
0
0
0
0
0
2 26 8
0
0
0
0
1 21
1 36
1 37
0
1 16
0
2 35 23
2 5 2
0
0
0
1 1
0
1 29
1 6
2 22 19
0
0
1 20
1 56
0
1 5
1 16
1 57
0
1 32
1 40
1 63
2 11 21
1 47
0
0
1 28
0
0
2 37 46
1 13
1 25
2 17 75
1 61
1 12
1 18
2 37 79
2 45 36
1 13
2 60 31
0
0
0
2 74 53
3 52 85 18
0
2 20 62
0
1 54
2 4 91
2 34 27
2 3 30
0
1 102
2 59 22
1 30
1 97
1 87
4 74 93 53 14
0
2 42 109
0
1 103
1 95
2 51 5
1 61
2 61 115
0
2 8 26
0
1 98
1 119
1 40
4 120 78 54 98
1 40
2 49 7
2 63 71
3 77 38 24
2 88 13
2 15 68
1 43
1 90
2 22 59
1 55
3 40 124 122
1 90
2 73 47
2 28 76
0
2 71 63
1 119
1 106
1 69
3 117 111 10
3 113 95 64
2 130 43
2 29 57
1 130
2 133 55
2 48 16
2 15 129
2 129 15
1 25
2 84 12
2 131 90
3 6 92 58
2 106 141
2 60 89
1 28
1 26
2 87 36
4 69 41 142 32
2 91 99
4 110 42 138 109
2 60 89
3 117 143 10
1 73
1 79
3 24 127 77
1 62
169 1 2 3 4 5 6 7 8 9 10 11 12 13 14 15 16 17 18 19 20 21 22 23 24 25 26 27 28 29 30 31 32 33 34 35 36 37 38 39 40 41 42 43 44 45 46 47 48 49 50 51 52 53 54 55 56 57 58 59 60 61 62 63 64 65 66 67 68 69 70 71 72 73 74 75 76 77 78 79 80 81 82 83 84 85 86 87 88 89 90 91 92 93 94 95 96 97 98 99 100 101 102 103 104 105 106 107 108 109 110 111 112 113 114 115 116 117 118 119 120 121 122 123 124 125 126 127 128 129 130 131 132 133 134 135 136 137 138 139 140 141 142 143 144 145 146 147 148 149 150 151 152 153 154 155 156 157 158 159 160 161 162 163 164 165 166 167 168 169
158
0
0
0
0
0
0
0
0
0
0
0
1 7
0
0
0
0
0
0
0
1 10
1 8
1 12
1 20
0
1 11
0
1 8
0
0
0
0
0
1 19
0
0
1 6
0
1 27
0
0
0
2 30 14
0
0
0
1 13
1 27
0
0
1 41
0
0
3 39 27 48
2 1 5
1 45
0
1 51
1 33
1 35
1 52
0
0
1 62
1 57
0
1 65
0
2 24 20
1 24
0
0
1 13
0
1 60
0
1 53
2 12 23
1 29
1 18
1 46
2 8 28
1 62
1 68
0
0
1 60
0
3 10 21 16
3 87 75 60
2 55 1
2 67 65
1 11
2 44 76
1 46
0
1 66
2 63 88
2 3 74
4 88 71 98 63
2 55 1
0
0
1 36
1 19
2 26 11
1 2
0
0
0
0
1 78
1 31
3 56 40 45
0
1 61
2 18 80
2 38 32
3 4 84 68
1 17
1 18
2 109 50
2 115 49
2 85 102
2 34 19
4 123 49 115 108
0
1 27
3 50 122 109
1 6
2 103 42
2 78 12
3 13 73 7
1 53
1 127
2 118 32
2 118 32
2 97 66
3 110 96 15
2 86 111
4 85 102 124 25
1 135
1 66
3 96 15 139
1 29
2 36 104
1 36
2 53 134
2 69 24
1 17
2 9 72
1 31
2 81 46
2 44 94
1 122
1 107
1 59
157 1 2 3 4 5 6 7 8 9 10 11 12 13 14 15 16 17 18 19 20 21 22 23 24 25 26 27 28 29 30 31 32 33 34 35 36 37 38 39 40 41 42 43 44 45 46 47 48 49 50 51 52 53 54 55 56 57 58 59 60 61 62 63 64 65 66 67 68 69 70 71 72 73 74 75 76 77 78 79 80 81 82 83 84 85 86 87 88 89 90 91 92 93 94 95 96 97 98 99 100 101 102 103 104 105 106 107 108 109 110 111 112 113 114 115 116 117 118 119 120 121 122 123 124 125 126 127 128 129 130 131 132 133 134 135 136 137 138 139 140 141 142 143 144 145 146 147 148 149 150 151 152 153 154 155 156 157
165
0
0
0
0
0
1 1
1 5
0
0
0
1 3
0
0
0
0
0
0
0
1 11
0
1 18
0
0
0
0
0
1 21
1 27
0
0
1 30
0
2 20 11
0
0
0
1 4
1 6
1 9
1 24
1 20
0
1 41
2 1 7
1 3
0
0
0
2 28 21
1 10
0
0
1 19
1 52
1 49
1 15
0
0
1 27
0
0
1 54
0
0
0
1 30
0
1 6
0
1 65
1 61
1 35
2 60 27
0
2 58 70
0
1 23
1 31
1 9
0
0
2 24 41
0
1 13
2 5 8
1 75
1 21
1 53
2 21 28
1 68
3 37 57 15
2 24 41
0
1 47
1 25
3 33 85 13
1 22
1 22
2 80 9
1 75
1 47
4 75 87 94 101
1 81
1 8
0
1 78
1 35
1 56
2 76 58
2 81 104
2 56 49
1 1
1 16
1 71
1 66
1 116
1 47
2 1 45
3 43 84 62
1 4
3 84 43 120
2 9 100
0
1 59
2 8 5
1 17
2 56 49
1 3
1 53
2 27 74
1 106
3 23 107 78
1 10
3 18 98 22
1 124
1 132
2 67 30
3 82 114 16
2 58 76
1 77
3 36 31 79
1 96
3 116 66 117
1 61
2 35 73
3 124 48 136
1 116
2 72 61
1 78
3 95 102 47
2 147 124
2 139 114
1 91
2 14 2
1 141
1 52
2 26 64
2 96 143
1 111
1 125
2 69 6
3 3 129 12
1 127
164 1 2 3 4 5 6 7 8 9 10 11 12 13 14 15 16 17 18 19 20 21 22 23 24 25 26 27 28 29 30 31 32 33 34 35 36 37 38 39 40 41 42 43 44 45 46 47 48 49 50 51 52 53 54 55 56 57 58 59 60 61 62 63 64 65 66 67 68 69 70 71 72 73 74 75 76 77 78 79 80 81 82 83 84 85 86 87 88 89 90 91 92 93 94 95 96 97 98 99 100 101 102 103 104 105 106 107 108 109 110 111 112 113 114 115 116 117 118 119 120 121 122 123 124 125 126 127 128 129 130 131 132 133 134 135 136 137 138 139 140 141 142 143 144 145 146 147 148 149 150 151 152 153 154 155 156 157 158 159 160 161 162 163 164
164
0
0
0
0
0
0
0
1 6
0
0
0
0
0
0
0
0
0
0
1 7
0
1 3
0
1 21
0
1 22
0
1 8
1 24
0
2 9 6
1 5
2 17 13
0
0
0
1 1
0
0
1 2
1 15
1 25
0
1 25
1 30
0
1 35
0
0
1 16
2 1 37
0
1 50
1 12
3 42 25 44
0
1 40
1 4
2 8 28
0
1 35
1 41
0
0
2 29 24
1 11
1 49
1 39
1 36
0
0
2 24 65
0
2 50 16
1 5
1 10
1 34
1 14
1 20
1 60
2 39 68
2 45 30
1 70
0
0
1 80
0
2 19 38
2 41 62
3 46 77 34
0
1 30
2 71 85
2 30 82
1 11
1 23
2 66 11
0
1 91
2 99 91
0
1 6
1 14
0
2 11 66
2 26 22
1 73
1 64
1 8
1 63
3 7 79 20
2 39 81
0
1 58
2 88 38
0
0
2 33 17
1 81
3 4 58 114
0
1 116
1 1
1 64
2 116 122
0
2 88 115
1 23
2 77 90
1 49
0
1 91
3 121 56 43
1 76
4 35 131 61 47
2 63 110
1 110
1 25
1 52
3 36 27 69
1 113
0
1 54
1 104
0
2 70 83
1 111
4 14 78 84 103
3 121 43 133
2 23 96
2 87 98
1 58
1 70
3 144 145 104
2 48 126
1 139
1 125
1 141
4 139 101 52 156
1 107
4 40 142 2 57
2 5 75
2 18 117
163 1 2 3 4 5 6 7 8 9 10 11 12 13 14 15 16 17 18 19 20 21 22 23 24 25 26 27 28 29 30 31 32 33 34 35 36 37 38 39 40 41 42 43 44 45 46 47 48 49 50 51 52 53 54 55 56 57 58 59 60 61 62 63 64 65 66 67 68 69 70 71 72 73 74 75 76 77 78 79 80 81 82 83 84 85 86 87 88 89 90 91 92 93 94 95 96 97 98 99 100 101 102 103 104 105 106 107 108 109 110 111 112 113 114 115 116 117 118 119 120 121 122 123 124 125 126 127 128 129 130 131 132 133 134 135 136 137 138 139 140 141 142 143 144 145 146 147 148 149 150 151 152 153 154 155 156 157 158 159 160 161 162 163
161
0
0
0
0
0
0
0
0
0
0
0
0
0
0
0
0
0
0
1 9
0
0
1 22
0
1 10
0
0
0
0
0
1 18
0
0
0
0
1 35
1 29
0
0
1 22
0
0
1 12
1 6
2 40 22
0
0
0
1 19
0
2 4 28
1 42
1 8
0
1 2
1 5
0
2 25 10
1 30
0
0
1 26
1 2
1 20
2 10 25
0
2 46 15
1 7
1 2
0
1 52
1 3
0
2 51 28
1 66
1 26
1 10
1 47
1 54
0
1 6
2 50 16
1 32
1 73
2 40 22
0
0
0
0
2 62 26
0
2 70 14
1 37
2 75 66
2 67 46
1 43
1 7
1 39
0
1 1
1 13
1 56
2 57 48
1 80
2 91 61
1 75
1 59
0
1 100
1 6
3 63 69 2
2 47 78
0
3 33 11 113
1 34
1 79
1 31
1 112
2 78 112
0
1 38
2 13 101
2 96 43
1 19
1 115
2 35 36
2 50 82
2 27 87
0
1 121
3 24 39 98
0
2 9 20
1 129
2 109 100
2 59 30
1 83
4 108 7 97 68
2 26 62
2 120 86
1 35
2 29 37
2 21 60
2 129 134
3 104 17 80
4 49 19 124 99
3 110 6 44
2 37 142
2 135 100
4 132 31 18 117
1 144
1 13
3 72 88 3
2 56 5
2 103 57
1 53
1 73
2 120 140
3 113 33 114
2 89 41
160 1 2 3 4 5 6 7 8 9 10 11 12 13 14 15 16 17 18 19 20 21 22 23 24 25 26 27 28 29 30 31 32 33 34 35 36 37 38 39 40 41 42 43 44 45 46 47 48 49 50 51 52 53 54 55 56 57 58 59 60 61 62 63 64 65 66 67 68 69 70 71 72 73 74 75 76 77 78 79 80 81 82 83 84 85 86 87 88 89 90 91 92 93 94 95 96 97 98 99 100 101 102 103 104 105 106 107 108 109 110 111 112 113 114 115 116 117 118 119 120 121 122 123 124 125 126 127 128 129 130 131 132 133 134 135 136 137 138 139 140 141 142 143 144 145 146 147 148 149 150 151 152 153 154 155 156 157 158 159 160
163
0
0
1 1
0
0
0
0
0
0
0
0
0
0
0
1 7
0
0
0
0
0
0
0
0
0
1 2
0
1 12
1 11
0
0
1 19
1 6
0
0
0
0
1 31
0
0
0
0
0
1 37
0
0
1 43
1 25
2 24 23
1 44
1 7
2 10 14
0
0
1 12
1 35
0
1 27
2 13 21
0
0
1 42
2 14 52
0
0
1 34
0
0
0
2 49 24
0
0
2 64 18
1 33
0
1 71
2 7 51
0
1 67
1 27
1 38
1 54
1 67
2 73 18
1 69
2 51 7
2 68 46
2 73 84
2 30 15
1 34
1 8
0
1 54
0
2 21 59
1 29
1 75
1 92
3 72 92 98
1 85
0
3 36 19 32
1 42
1 42
1 41
0
0
0
2 35 56
2 5 57
1 25
0
0
2 97 75
0
3 4 1 45
4 96 11 107 29
4 82 93 65 54
1 47
0
2 75 114
1 91
0
1 108
2 59 95
1 53
2 48 25
3 61 71 76
3 57 110 5
1 94
1 123
1 44
2 22 17
2 31 38
3 26 3 2
2 19 102
4 83 67 79 120
1 110
2 130 94
4 30 89 101 15
3 42 62 103
1 123
0
1 12
2 39 60
1 35
3 44 132 50
1 112
2 100 85
2 106 115
1 94
3 55 28 12
1 53
1 114
2 153 53
1 108
2 40 143
1 148
4 78 148 112 158
3 105 20 41
2 9 113
2 34 66
162 1 2 3 4 5 6 7 8 9 10 11 12 13 14 15 16 17 18 19 20 21 22 23 24 25 26 27 28 29 30 31 32 33 34 35 36 37 38 39 40 41 42 43 44 45 46 47 48 49 50 51 52 53 54 55 56 57 58 59 60 61 62 63 64 65 66 67 68 69 70 71 72 73 74 75 76 77 78 79 80 81 82 83 84 85 86 87 88 89 90 91 92 93 94 95 96 97 98 99 100 101 102 103 104 105 106 107 108 109 110 111 112 113 114 115 116 117 118 119 120 121 122 123 124 125 126 127 128 129 130 131 132 133 134 135 136 137 138 139 140 141 142 143 144 145 146 147 148 149 150 151 152 153 154 155 156 157 158 159 160 161 162
153
0
0
0
1 3
0
0
0
0
0
0
0
0
1 11
1 4
0
0
0
0
0
0
0
0
0
2 5 3
0
0
0
0
0
1 8
1 21
0
1 22
1 2
0
1 23
0
1 35
0
0
1 35
2 6 33
4 6 33 43 12
1 7
0
0
1 28
0
0
0
1 7
1 41
2 32 21
0
1 30
1 9
1 55
0
1 50
1 20
0
0
1 29
0
1 46
1 18
2 60 50
1 10
0
1 63
1 69
0
1 59
1 40
0
3 73 59 74
1 57
1 38
0
3 80 70 76
1 29
1 63
1 48
1 1
1 53
1 40
2 79 38
3 2 35 42
1 1
2 53 41
0
2 59 77
1 13
0
1 17
3 11 65 14
0
0
1 21
0
2 72 69
1 3
1 27
1 31
0
2 57 9
2 101 106
1 55
1 26
0
1 50
1 13
2 46 66
1 36
1 79
2 110 26
3 113 94 13
1 15
1 110
2 51 92
3 98 104 27
1 20
1 95
2 26 110
1 95
2 97 14
3 84 28 48
3 81 76 80
1 16
1 36
0
1 18
2 87 40
2 132 111
1 96
1 118
1 37
2 46 114
1 7
1 22
2 53 41
1 114
3 52 45 7
1 56
2 23 37
2 19 24
1 48
2 49 62
2 121 92
2 99 47
1 130
152 1 2 3 4 5 6 7 8 9 10 11 12 13 14 15 16 17 18 19 20 21 22 23 24 25 26 27 28 29 30 31 32 33 34 35 36 37 38 39 40 41 42 43 44 45 46 47 48 49 50 51 52 53 54 55 56 57 58 59 60 61 62 63 64 65 66 67 68 69 70 71 72 73 74 75 76 77 78 79 80 81 82 83 84 85 86 87 88 89 90 91 92 93 94 95 96 97 98 99 100 101 102 103 104 105 106 107 108 109 110 111 112 113 114 115 116 117 118 119 120 121 122 123 124 125 126 127 128 129 130 131 132 133 134 135 136 137 138 139 140 141 142 143 144 145 146 147 148 149 150 151 152
