11
324504371 271973783 220939189 95705412 21318524 89581771 119083090
23693753 8118857 6547579 3486849 9097722 2877192 515735603
422397751 334809871 212205984 381255069 165988411 122941792 864562186
78467309 37833944 31245337 41261749 444937 12365218 65127407
307261631 245909962 98543568 60816495 112722647 70783062 233997119
345210077 280928410 36099725 325461041 305868402 276808145 558362021
986012539 754962016 293459189 678222317 529537393 427752039 947438330
799530239 757950576 110127632 201762689 442437403 375724798 386082527
414913903 113567287 385847733 150953682 248968509 56069399 824192721
54515491 21801217 13555388 13913387 31898442 10139738 474094241
891361451 840256951 611600283 700055026 334646205 151442399 465244218

