999
861103247 169546290 288796088 569332888 567816613 364393838 244307724
174410713 57835835 34250973 105455795 115879769 43023969 822177688
821981759 21350793 94727322 223991466 65275352 11859073 750398071
82136057 30592699 7123253 17189209 41974620 81483425 133045128
222595873 70223696 106035948 185682707 31124012 155835319 896494296
835673569 232990493 198436124 601027064 293811219 71943464 841530836
142853021 64345789 41452774 118815935 32577635 68590521 677699135
224577079 77519663 154127872 81061324 216026950 61091349 425089563
360211877 325760928 309792320 259951613 344015677 85887778 954101620
612118267 59439271 421442291 418736235 62327295 498086964 621509723
450254071 444382394 225417676 198319542 339437585 220293442 179269717
455229913 239633570 56940980 16163334 333838896 333949862 343705196
529442981 356094328 518510356 393672311 125172079 248176857 821755851
646158911 92362322 209797706 162912086 5431897 586333601 117552157
329036437 134501957 289964434 167233600 161503939 94614009 865338679
142567349 77645782 105540558 118752753 37052681 65342789 621429504
937759969 349738997 897092651 584777024 223927637 273106383 139806432
299967979 75990612 78853155 94614007 293685537 65081502 537149335
410628481 37590309 293855045 355352200 246530407 277990248 589482135
43008071 42120357 8018462 37967424 14886967 4920823 850053373
243968099 178488064 40061970 20837365 142547850 224156005 191449913
386895239 117948286 212511041 290049374 189753334 101451432 993120031
131807197 58247172 59127288 125513018 99140606 79378465 893799779
605370967 495916450 574837251 378952575 344214246 199974452 490374259
127673269 28197672 98194451 31343820 119553604 39317515 228063992
54481079 1482306 10880164 14078810 907800 10150560 55959345
86961653 10317667 50560940 29444445 44424268 81921811 561254453
56657351 29467478 45107884 37158877 48735166 3183302 390133788
316181653 251163003 71044096 56964514 259751728 137675722 156055283
214275223 48518452 97145407 121142780 202271676 160330629 302205212
316887509 280591992 284589445 268044690 36057576 161014601 709670654
441477809 210316030 412487323 419249590 235172851 364184908 849942922
437730857 168477908 124767750 163298804 63451930 169633322 443890798
114669749 40103517 61155635 83241847 86572036 4625186 955019699
350362871 108636093 21451723 156605876 179202286 86845728 980345488
835968487 290026717 771836558 191129333 119923892 232977154 179748366
708827573 665629217 702153074 179748363 95422046 82045057 971876595
117980069 43442080 26399731 90502585 81475224 43508507 360474833
523297769 204473764 517790111 7365010 222232913 353207345 192435611
23973709 5172631 22166646 6705955 14086829 18410386 923921231
339054403 125836462 114000493 206145987 130093682 178286225 938177718
83685769 46943621 25681133 39009326 52496552 80238071 899840725
593187383 516317392 131093332 532649077 37130503 139160666 57851491
444698651 74699263 175820291 259091425 146318005 235202043 609426226
428786609 26615294 296758904 353641728 335610199 95586387 848469868
585350333 349130097 36087248 362979292 192899491 474812807 770926140
44354909 41086911 7304953 2324791 16026494 19253492 354595241
201608339 43577207 139426495 83686927 49472263 31705780 143439953
724469267 341505590 344402210 641617367 664943413 17478562 546959929
700672579 88238762 557878380 201592878 171925690 475950385 538796256
624730397 455136179 73821521 215436515 504878474 261079520 741445793
435812491 327188559 55721921 63900230 104397090 151693006 8508787
806332349 515980402 279585465 86288141 297412168 319582231 127157675
253407863 95673547 224161970 65330775 79268895 1401458 463143818
673733563 591851644 150868769 515980400 197703546 502354482 487126133
369882971 169859933 289373808 109639689 53384823 264826611 463908221
105151667 74174189 2838796 73047333 91967150 17841589 832772644
221157863 81732795 109937909 132971104 19994570 215089575 849547474
591850943 447484629 116562047 412207781 267230722 35346852 494316127
609351571 214764864 30032890 38610570 111965147 354878221 177963655
826302349 360211088 22481041 444367289 807695717 593414619 127244715
88631171 82640215 45178037 29833242 4024223 46796269 486545523
636325763 467530846 41190587 238308585 5735933 129821756 598321902
854709299 330394150 761700882 465271736 813702580 427714940 377951499
516271001 281561640 49303287 170836710 209135641 256526588 105938931
637138417 132261794 140927569 262442738 226109822 184861548 79198772
349191077 37291469 199007243 266530409 71563527 120364385 273759715
235006337 43949067 158366593 115703550 40558416 182620423 25055186
901528729 221340608 14722155 456643193 248976015 287686220 732232088
869414659 147837104 727763224 206094844 63854628 811205866 582938657
750483271 201003466 543431928 472414277 690669512 520711882 269854792
88936259 52424379 28909051 79335630 25137425 50280433 382723262
699835637 502901330 51431693 21527711 481652555 558244019 13334870
981877133 526115433 307193877 685400640 213302365 279791583 756214032
547366433 198286438 277682177 66493442 12053594 496039242 234839681
116022859 23191800 22214059 28616084 56872827 60048693 302181843
308869123 75793953 260447861 3020813 62964953 173489315 322611780
854423729 631521890 649008286 145499708 454484827 49822075 863850922
76140227 69024246 62900364 14485259 68677972 24771100 93761251
36518011 1851893 32633807 22784955 936059 28419976 292599430
451728469 267680514 209547420 187446137 74483823 440092362 22289624
297062977 128356662 37140578 237681525 123584764 295449601 244916285
259574923 33271741 147951101 191700623 228574283 121283166 527248351
880481593 80706796 260887829 220638332 797636504 23917725 927826446
744683479 408705250 185401526 28490415 20292858 414791083 504117007
141109217 1125057 115386631 116156177 19650590 36251978 918013752
333813199 82298421 164687227 33782435 251360911 211910426 612461246
737119211 452751733 134425877 508811103 345864824 288459676 181423643
242768171 222771289 16731880 9149722 95919860 75650556 602892561
752137457 421722811 48689761 1155644 384871614 635836064 374092642
371762011 272186687 106971358 72251038 51192394 89561986 25075193
401182211 314988510 281897259 25075190 89869223 182843163 213818380
81526111 10994207 32395028 17133089 30785148 77043090 565294581
326247781 184498032 226882906 101599299 223605638 145255463 583124155
51619177 4372463 6816315 30569829 2399999 12261036 948757057
266023393 176784594 98914110 94786837 38299868 33191994 822015562
810462647 3226624 101213395 273297099 496588508 794102110 154807874
82230913 20707811 50463419 41295982 72182146 32298460 334144816
765405397 332847204 733867138 146270643 651201553 658840042 134162549
415974707 350106322 239059612 222183545 363124215 257670192 308146876
496465381 112505033 355227397 236147762 142688495 382691348 969578018
992853739 725258275 81210186 689993629 303318532 62276557 569150361
753076921 664510618 750742442 302122282 605524804 480487162 743014726
143443679 77997725 8560028 48185351 19829031 49522629 354400720
606102941 96215349 67385397 110179816 269684967 322795829 84427383
2529269 267992 413343 1693405 1586203 1520880 151471269
854376343 323105879 412553488 737081988 490477857 508768837 410570328
894906119 455168465 364708722 412934430 255319029 711359793 584375751
87477109 25540407 67909985 19885056 708350 57142069 462329882
880019087 134171052 272684438 582491405 106023076 323332859 782083890
60160879 58985851 27160540 18649394 44687169 49689005 157271612
907818473 128184971 807910413 834973762 284281666 654042223 187138037
195863047 92373229 166606402 115760029 28272577 76040791 462259948
974739949 845981226 196634068 735074770 709240971 739619256 330383358
149990089 106243580 82489608 109542532 20980234 52685273 108444537
468715861 98336146 210080241 429014039 198212648 352033630 69103921
915651397 293055202 19731516 134926670 70706018 190701840 253253431
411927991 9732326 140404283 310413089 349026629 262611363 951241977
627139127 57653044 138286385 222578570 336338915 397635049 252166970
635478733 62152132 355122203 110499223 549154043 91403273 986256795
867392833 630865324 520407322 783461840 671152848 733596778 271456923
383986061 286580974 210190629 127906251 83359626 197300657 802599528
716346611 438080742 71288033 308631578 107276376 461120029 572003904
270003523 227514028 10893887 253814313 128110274 94810261 301753145
132155531 101763309 45910816 67048692 40478221 6156913 351612982
16734631 1404886 14278412 11743363 12340137 9988845 687318918
208495109 170373961 191656029 192369029 134375476 58628569 118552873
740540743 150786331 578778912 658810953 601559592 458326562 152670571
308310269 265848529 49265354 177021932 176373009 129390441 149979719
752783279 623246877 413151679 582457779 252305163 73144103 471958512
207830881 105985545 190144447 61324978 74212040 149618648 87230777
330273193 85391748 99866520 74411110 135598953 216194700 141345442
269601091 99810723 200833119 111943465 125888952 209659530 442304293
136981729 29175511 105029587 106616822 48136320 24827542 290981324
884197337 136055871 342098866 33793081 115652344 582239582 713570572
69402601 13486703 53975784 22445887 46932830 28818102 200515858
438033221 161422835 250449766 88817570 246068654 171758168 109293205
186543757 15379395 110859471 165135023 17180950 115638296 361401889
663191129 478827994 321782597 120667874 112109350 56061024 336002027
165259267 28439032 112101465 29728883 71006394 164124120 861804451
368383823 46059130 288222313 51820237 241220832 16095916 610566280
337053467 313619026 61393238 10502276 44506015 218163675 969801641
371986487 370921615 351296225 341434710 264524904 200403741 73133647
450652229 414263933 140531851 103244223 342283739 39274769 406152610
225476029 174899404 128163427 82991502 36469374 142082445 878136996
78532199 67302466 70450822 23888677 26106689 56659267 515524734
275187193 190059383 101932462 182048494 31222737 133729782 185242062
322730011 162462664 108510183 307121343 170560724 121393455 259178575
52083137 9405918 10555360 39413044 44857605 41069948 871834278
448532621 398014065 210349428 229484821 420531869 88781608 618878291
977733233 362519280 720204894 75231182 777749168 901312242 604883026
370957907 16592921 154010440 144462920 150913572 225547941 332103874
543506797 276951975 267553247 224490038 436038604 97802829 674022914
563444633 304102392 434864950 416617527 103966782 99097892 270971412
38561249 17027111 20871956 4565800 19187688 37077079 970454539
566406367 200456208 25287930 310980588 221262092 285245960 106509878
722141489 536542641 579365589 673509358 651693147 246677754 491352727
93568427 10925649 82876671 82078170 82651705 50765701 78674996
472373063 378805900 402419479 237477359 176046100 149040568 92502632
639162211 239928076 578407188 55328312 579543275 175598119 53369529
974100229 19975998 926530882 769019094 111722521 57360654 863751030
667782281 57473950 51263058 554164476 208064573 84093233 12716671
788610629 45617659 394748643 179555401 143780863 50497748 726324004
411330077 310657744 368645066 60324496 329895371 128454798 675092701
497976277 346941140 205688344 45617658 171427393 22323281 117112409
373377761 155930863 39791412 291196789 169115478 148915665 342868991
643220003 24024502 555106479 325271796 95231367 304210809 24742076
879647651 786060861 199251673 275757935 194145507 221574954 392870345
76113941 16422852 27825391 21586693 22662381 14858911 159806847
96538909 93487702 64009798 79359425 48135935 19873986 975896651
939914951 692043865 683927898 349894769 183534707 209943927 839205342
424917557 399571308 308099108 152210402 84568604 39190600 257952377
849176959 428896873 246849730 703874362 220673229 88592387 301901899
589016117 376076735 489608273 383895611 357926854 160752996 541694991
120889733 75900356 69823285 118137082 105373864 6247149 240921746
118046893 109592833 62288003 115736865 9164450 67115962 842424694
773149879 359301033 401634033 710208472 289000972 38329036 699890849
216507323 16426453 43908917 36334781 160699263 69326957 679841735
50732113 1801405 31865115 25703230 23883201 13306718 567990887
766568351 324347821 216052298 583996841 124598189 554062053 238639423
733340357 581380714 663861654 52390900 677557071 189330389 151593653
47703991 24335946 7418033 12634145 27820419 41016498 262779176
685750103 67126413 659456868 326042824 307213419 184593666 324179462
149819431 53150217 26844349 63147821 66814484 16055661 61305085
141091103 139638284 73267240 5325459 78556229 16985570 584495029
619698421 229884110 431382086 15728544 245102936 82522760 904449291
12408857 11000210 6509754 10604321 641150 2344775 164407883
246201947 1409324 129895695 174250264 14060834 91451590 624206731
143328859 143094253 96587101 117968303 81992494 37243815 780073001
710815057 538313209 66981718 376370689 394206004 101952936 356021669
536565899 53278877 205089200 409527432 1224323 349864825 183843456
23921851 12568109 18815703 5079299 21531731 9804622 552977177
657936793 321668790 100865102 531425738 521434222 293176889 47117919
198306527 131376425 119155156 178442130 68336141 151666563 54541316
985677727 355665491 261776610 384216528 17227371 294469108 135328182
131140081 109549767 100654294 85448585 36784019 83982708 968127740
860053763 4404644 219770271 859391243 816959177 30612301 45633830
615248059 605726629 142573034 11186765 262725292 269467002 351696330
895347253 425663682 432466495 346581817 250217232 142845872 362861829
217283813 5256554 211008387 121186924 93319381 37281264 909835763
992569469 672258900 896589303 94445924 525362158 631959832 149385026
110881369 13549519 16614211 21436619 81259211 70043369 787917467
582069757 128609536 280822399 281966110 258655458 408359631 406397000
221731267 23064157 219988610 60234841 102176506 171590685 910094375
200108651 125131066 129900852 42907862 40370227 118545223 105175220
726615601 77840293 389464560 466526690 618447837 166546335 517050066
803256313 205670965 75329156 236616027 390669695 523958610 2928587
183186473 16194643 58244895 107159247 110218096 165626760 318329320
82946167 75109234 17008421 20974331 52710036 62783928 111681626
498797743 329421388 411612330 414743990 308183632 471647343 224510466
80209781 80070685 69587252 33103629 65410144 47593880 457952628
555417677 237875029 29752237 446843755 437197755 404688871 100539570
257858501 123873694 36566312 238289270 247054271 220219086 192344323
687859343 328636714 654929189 225659929 265374121 131449903 560756941
128386051 45294236 107149104 110374847 41868278 55840579 992767171
109298237 6159778 30271457 33978293 63304230 88501236 348568476
74003047 40569871 35051689 71422701 57321629 67965717 23290656
272287843 177346740 57959973 234102427 129815149 145753797 705273669
977280331 76561812 633102648 754671222 308294515 63730644 751996901
881291209 402232183 222520860 55115578 142247140 616351612 13751898
904512473 659050781 44987717 876633636 635852133 89764965 385119603
263281331 253915994 160249132 13882101 43929302 153648655 96424440
524853757 386010271 305567434 492938306 387538383 353115959 266966639
536924153 344105165 294308217 378657014 481022146 101725159 391262125
254799107 92714373 76442577 114535408 188483947 240409401 914317346
785243059 515072064 641191593 107282705 88550446 136279297 79186992
763587859 326926837 441426058 365779423 709724405 177020279 94283951
877511497 93439653 482085706 431627477 767840074 192620128 125975118
936248221 91378990 569106768 326469079 65952241 124982326 360873221
265936339 120313742 215931002 35127919 199538747 26620431 531518
575849753 389082156 186933215 111584595 415702587 39981083 601574208
370137227 301972568 238856794 196507846 291252514 70712734 308110359
550949051 416911220 467547727 2586656 121583499 276439992 367369968
723074137 638906947 563650781 699432790 685231160 90013698 961757440
28059487 15390628 26301292 13328373 17973070 4151601 562694492
26606731 23799022 26501774 16199486 26111261 5273272 815976604
247355177 142309328 171914738 100592987 114646059 95489466 887909815
258827381 140757781 10754347 8140588 136620947 223390625 49797228
152939251 64638503 126077847 99871524 148424506 93457753 590179649
728816063 596169390 601789750 85642625 45197919 441949543 101869728
570909541 252665868 481506622 108081607 399940551 474900800 763551966
426053141 389905100 305563473 163790117 65721686 22093220 464746071
136950491 68223829 34675588 97548446 101037115 51713786 861100412
730580243 493717589 255606014 575446409 408827319 264755748 695931755
370852649 161629461 106973448 9092384 151096300 315873152 276322393
473062921 334423533 17327479 337293808 118993606 186822320 713691490
540371891 502599916 524609499 222132550 269797484 362055111 38863843
905687219 203462465 117559249 398667177 676525384 115873572 362120501
128642803 40468546 47306007 113993168 2383797 53148648 458509514
537840341 438501301 219940076 536081863 134265876 494800660 438508867
38766719 4230773 13461698 6519155 24156643 36371255 881248480
107901877 107024527 18272664 24252012 46177468 71956818 648191335
96821771 66543703 86762059 35321819 89822437 7159387 99032152
215293073 3493795 14027591 201404192 186036029 45924612 256044499
700490759 173169300 124823961 580831611 479925287 66693073 676555748
271424843 252076826 240379876 196181930 159162943 70398661 793277533
153699289 10010736 17401748 36515335 8698124 79160339 324709988
829299767 699362001 57273796 768615510 567973205 10514755 849992105
263956549 86996957 183781162 222265975 168282580 134753094 537068042
368513269 133551639 191493115 94984465 291968378 333333182 452047812
661954411 88526015 447332790 587008851 181756351 50865896 87806316
97889647 11122400 13189239 82607381 30820377 27596946 368241622
641934281 424210683 269920622 184777369 563470631 388804675 711171158
803843189 645456146 502963445 566567246 186793420 18442630 890124637
454344529 191965731 449280684 364133290 47235633 198746465 585750802
117018053 59790292 63436497 109914824 63318597 6994619 129122013
907627421 222173349 431145843 372273291 31360843 879091991 66470412
830308447 197022746 605328345 735808917 393509493 694950974 431048299
858762227 644056934 783706166 138492695 559282098 90215793 794121998
983629007 673355549 399419541 479865394 31522112 17412663 913799280
460473301 268401984 188440067 98445488 119698462 268535136 706654324
717797929 29273513 525812288 87031171 318474284 439142162 98732810
508412477 299295307 469693075 87031169 204908826 495974472 694176456
793622059 424293820 460967687 754918258 274198334 251582235 908203686
285826249 223546328 151090429 66843224 56065383 181448237 900807905
135340259 124517796 121379493 56513433 46011667 51946249 379353137
294017879 99982543 522928 5487243 269026243 38171351 374680653
776475881 219309558 358094834 110567240 95221633 108108303 368773775
862623791 396445596 529990336 109837188 246698899 113093442 580287093
944057599 267646115 909892551 87485682 450681336 399941454 203078763
21603553 16364762 6035301 10349387 10377621 15692448 560992507
589659883 415609086 501322959 277261003 72648102 24756518 857548096
998353141 2297092 126841069 909892550 35487232 577522406 160703498
947531491 742226197 185155225 884709863 170618096 93438056 920029985
546724769 2216972 86600887 449847106 272157248 500894019 162220443
285538787 248894148 249297003 105649292 154357788 125978658 251529959
855995207 767041258 64332400 148213729 150654008 338210103 221557824
296511629 202372280 154935366 293486399 139375264 192619672 710395402
193552967 3272021 59335768 16759022 152013902 128245100 886015900
515214419 66785825 429164146 452978805 4676568 164661700 862240230
87157711 85277779 38391872 19568210 58622789 12218818 43878727
907386943 24640177 469910572 319793962 197918213 824778855 143359245
895997083 554077737 667923257 519890985 853171192 278676921 38421944
224771747 44892022 28210795 71522838 192709224 208339488 312973730
522787423 518504094 81174959 368150868 122182531 342193654 638497461
870042287 414839510 52179637 549825618 101374305 37038795 866561928
553927943 384084901 6661072 316114341 75410993 443183177 696354485
94394123 7871323 55999109 63592145 803192 64057491 176046085
149509229 78633791 16826251 61854736 126173328 70523788 988067000
421642603 389740965 252288714 288419574 300859239 280894381 538121446
31790167 12554336 515164 15414303 15251830 5030282 987354900
3724913 2278531 1266799 2952015 673796 910161 539602639
587191103 403096088 197900269 489529971 278391340 37771519 62786894
674131057 536879569 268708625 474019323 593851809 245869768 256228279
612912401 198961505 611222848 371340963 139367132 428900059 659710519
395595887 322006057 355686060 70727612 284799729 116131184 419990395
356121877 88616423 17547442 21554149 114328932 245382259 267592286
496851023 488928186 85552575 266355877 369260120 165596546 334710807
217209089 212165933 110142025 156460228 84054909 153102084 113264526
627058363 170706463 565037509 617483613 359888161 581480967 134532338
129101173 23338743 123818046 40398313 97812457 50142963 68579791
917973139 58941949 382605936 86580414 578769189 91691158 138461969
168412919 106722625 14040641 14462366 62364528 139448145 41492029
607358501 84516234 259125724 87586573 395130871 6530304 144784366
150936887 35586850 119619882 147447502 83300463 68948978 927421298
615318449 445300970 543267802 51128877 227109748 62626609 265563516
59881649 9113389 17975055 26014139 23111776 55427333 989864813
919162523 234156498 824409086 761543685 16057688 744359741 71759647
125735119 95618457 16060474 46840013 11975688 41602565 320077033
957435109 762522482 633835535 849801187 724249894 558833431 403324259
372327677 245621837 132079053 98565611 44106094 9309770 14135379
635643653 30182025 126850761 426419288 259214216 326369043 61717518
200723717 172652046 82642920 117051718 52323239 3908293 441819477
866828707 89261474 51405575 411655613 369256927 844246393 198553095
744181891 471191997 618232024 203888771 190537053 85958423 463003189
356748107 149439862 126416340 313098423 179611282 139993219 313754128
856460491 136103260 197312041 301123929 360410659 688823548 379050939
266432633 58745885 126699975 34691294 209886503 57365632 946607499
822072571 15379801 794411521 396482463 664601053 656828790 450599749
626972191 418989350 347628204 490591131 588788384 268006928 419124435
867857251 601397316 177053013 83353259 156065551 291129143 39569684
110225539 102922825 67929910 71372913 67404967 13965943 12891409
607175797 74969390 328180275 585224957 63450807 475691357 564867260
671178253 242945615 467980936 102964768 71131048 243407002 308881482
581933533 18584344 512830597 564867257 230198296 384658175 148542872
92241623 25371669 75239317 6454900 54795451 67408343 551477078
371964821 232461001 100994269 267397955 25763120 365166052 126109771
279570419 120958082 212785162 194388625 140574133 99839505 205169059
692086117 345097932 103906846 470689046 152048162 409358307 29941225
747690761 197134131 154261262 5838700 337708264 533671186 558905633
343478207 140093491 81799126 251280386 38306447 256737250 408567591
551921917 150633680 338117466 403840501 246223112 8660344 120439502
179667871 82714541 42427169 73624300 155735936 149781530 990926436
866963693 758303541 369524359 846399566 433546004 300705696 126461873
154911349 58517060 108555396 13075256 95038091 26989366 166653109
765076801 168528456 453834208 516339557 69890460 455602786 63464563
545137897 60247219 416649947 530966165 222978266 512986255 692669321
31799387 4989303 12546600 15239357 9369931 14702070 186196633
776105587 519865694 278487655 72136138 288898003 107767185 528927304
40528171 29578825 36333342 31030018 16532620 16375819 396218029
461524561 190858318 226253900 81355165 83902837 458473580 957170885
344554271 119991326 48484374 162141785 34603430 46103232 90850670
147422563 96579888 11127129 12993671 143039780 113561066 958020050
194299181 38391390 137056289 180823323 153815125 144921143 317529149
208640899 178437069 54478625 65028043 34786138 47318225 11028080
854478613 504027010 234742771 337192892 252423507 414374425 929963347
676171417 184488901 4121262 367481267 407909123 355691759 716893608
255510127 250595337 114514553 42362406 146937461 168529297 39784363
891307237 781747898 73235039 826181116 286361272 311601093 881361915
544993829 543918671 519431633 141879952 169070339 97876140 33187190
499932331 321972984 117054537 169205674 464910622 2758076 472337258
518924207 284620373 154651082 327487927 155993261 366853494 315780017
650071913 330647616 553714411 646136242 616832701 329282934 608006120
332156101 78582706 152556199 34697391 62206621 162224580 883087056
302608543 194910736 28673472 23083856 145091083 32611269 996870920
234306983 102407848 203308445 138470139 83916329 154413424 225463900
948083797 18664147 291573755 217808542 2424263 562559397 640757111
454928731 155315706 39378998 77429872 12470295 247081223 458051008
486926723 272520567 123456258 461157071 39868660 415030013 453419209
947694421 89834990 483094434 364022475 592625599 309960776 910046356
139511189 18111502 26792276 51844375 51890534 120540953 979314871
913855379 654952290 448622190 78088626 47788663 792422009 988134982
253864937 126224853 123030415 134907653 31190139 68097186 45132228
720448103 168805996 161234625 304031938 134333752 368502560 872839610
985305331 73175299 810840975 687000000 38051995 112778163 692420103
451021159 364392673 117835824 112558043 417006494 353305153 721269474
213628463 36332779 148987088 109930774 206288366 101065697 147982771
73266343 15466782 14035788 1851508 36552757 15427098 558735900
358308497 269267043 326961740 339769380 218869531 119003347 419313762
499464193 70986795 165685778 61008039 42039099 194133246 490558532
925093931 904610870 324598226 269267042 875631447 664367606 698980845
341525017 173959127 213765255 258612322 261786044 56402282 949938868
862917287 232533245 467603489 517675113 523062197 497767614 108479910
919686497 278263743 889491447 143865371 714316908 758820363 33203011
135805991 74475173 17559733 107343347 90082051 35844894 876361447
51163643 27620604 31733498 22259677 36063855 38026437 24820243
548424089 37914853 215629717 416022078 3095425 60399662 556070611
300137951 62709579 269517701 224133074 266028992 23325027 33868787
137881433 80104165 133130186 89623739 132513941 55648415 59338650
675012673 582000110 42263138 248598783 81286511 122731944 550090215
180021817 21805799 56348700 17879331 110292514 134165001 445517440
712942261 474479975 442974416 708997802 54701621 139553736 28516326
866680777 755704142 191202194 428194929 810405764 330755930 456711255
918546691 263335814 259121209 279848252 340006812 653324656 75881501
464428927 174161883 13137703 418473399 256651274 24386764 21251965
646663921 411229467 59943620 265317851 404379379 361625440 31876729
975600517 464919770 941728941 265317849 869299150 449198576 272795096
461326483 289625227 175272661 297071454 242500442 43672101 9987502
630409669 223123695 204334181 497982237 529607448 120056483 591375410
102799429 43839623 66361268 44478940 91404024 463424 19566475
442140329 240483066 439984247 135285813 356127274 336745061 140161737
137612329 122845378 70559594 21824373 67904395 56798789 274505701
952113863 264137351 230426639 244614459 530474367 275464787 581359522
749643053 256663349 225157642 343964844 337938953 379896397 420730334
492626063 17653506 221562834 335531129 457993382 404918142 562684843
875866373 82740682 100450925 232179934 376331735 153064943 635973854
790400357 167230560 554785359 584421706 563349593 283420277 82909250
55975657 5626957 2284098 42631614 29072358 28629916 137102519
523313849 296900895 163697480 206910033 185994592 150302230 679528919
67753603 47237698 52435409 32734578 16979256 24480758 697121531
284347541 5042860 219960440 9804901 71156042 23828855 793648669
964799789 353869465 30417189 55077229 238939207 145408490 243019846
203609723 198696311 80222367 176125658 199153681 3190437 113868876
920054479 751121186 758762860 365094765 624715375 418349430 329894555
230882551 230559027 31364463 158406970 11813770 175652572 67765137
4451129 3889452 819680 1370136 2884218 135692 344777244
44972077 9832979 7080153 8246620 27502951 21759403 145003065
265517311 236887498 13039967 242247243 230733025 155397133 623185093
360563683 255851723 282814837 253824382 47146055 123494521 867820385
579328781 474353289 515686034 12081257 441726276 99426839 195672925
607001957 311932085 418887010 21850753 73052410 270448918 518523852
856937663 131956920 330949184 288782791 752030669 413026896 38850394
366350701 317303825 86120162 262502008 264656791 40838937 366243613
479586623 347531279 236266767 218761972 244872141 45462935 929965889
2442631 737282 58447 1925171 1378876 324295 813671585
352867897 10250235 261641280 79994419 295194557 254603034 223663012
984979339 940582884 437337845 416416300 348667202 493316280 904851611
853244963 87242853 298820604 348667200 712293510 56188565 718012429
789452401 53851171 322364734 211358466 725598751 157087826 535309616
771922843 42483764 440251883 317935342 216759590 320602219 6067734
11963687 9406654 5334605 7893336 3439390 4679791 865290902
280398049 10580318 279008320 278690703 54537762 25039709 881970566
240821039 201073464 13450115 129240904 59657548 40284963 214926416
318804389 235060969 211436009 75861242 189349187 229066324 850441579
705516913 253755856 293807965 423324163 534153904 544809842 823924681
447015271 373689680 407639397 343395123 17745494 293660639 458810006
955955813 605049037 661221506 926348529 109871410 287112776 643177809
816062153 414948727 109192588 181112029 350148282 455678098 911358878
793653697 637331530 200981175 19343637 459163780 150297836 851327234
861842827 107530319 364814448 102350982 61749644 779763175 73386399
22577059 52077 2543895 2065685 1408804 6324073 190211721
801472487 360872942 427656815 214405441 35181516 33136152 821084670
820665227 109682733 444334506 531719818 473279091 107517436 346184360
90112507 4744351 14499016 68355765 6349691 42418880 761389532
148174469 49886383 141817517 8399051 51657648 128500485 368542986
235066847 132568051 71638138 142348436 74628686 232231799 821291863
409476511 202499529 206252791 92078773 362780886 351303100 443384568
424366289 62737625 200724460 385702037 405991314 327426052 272898613
153500131 104054070 147384132 124442461 136538249 7500676 346031411
357190331 161773546 126171849 48800981 132009268 41880130 151826966
931137349 708214124 885530469 556342032 861714254 233738633 398244089
658518253 194346214 36718519 34811616 492626763 142524101 499298456
94156873 35894535 92572027 66411266 38996175 701898 983240201
205248779 62913772 53981967 124901119 195985848 142782864 206421090
669939187 15811405 353319833 545755217 176379545 33812947 387108878
124300997 94207051 111448825 114049257 23150811 41174052 594040035
74114773 46890072 42174617 58496 41067416 17063068 756959291
670819183 42948736 353256139 289153506 446937568 450891706 337820157
592372057 506552558 186428611 92706264 261246900 142668909 313311330
248607041 195648398 243420369 209301165 14707869 239582871 667840039
282144481 275586649 31409532 274885204 113716566 55076091 2504000
445032449 379897764 338190623 264835420 404623493 322048478 568805121
869595547 276856144 336030612 455095610 253514191 692538982 90211329
308086619 91299195 206347303 132854873 184993826 302884177 46004317
579660391 224350609 18496933 95283712 235933460 448718470 964879258
776259493 191231786 584731300 142797920 460976609 136515031 127493648
562041481 113772641 159490535 193828148 270448294 353060778 143648819
448903123 85016141 419285002 189646636 175941503 18205298 766175612
110363051 6003593 2301231 4406469 83329655 83567431 7105138
476937817 398801292 368464314 453378691 309484343 353279040 735492371
326145791 251220689 162927010 210054611 63399361 65221430 675710864
716901589 151039295 453908607 159671023 169630076 56991065 258437036
892615943 96556465 282810909 3942150 388599278 268397653 513189844
737040671 456936469 600780285 523605158 222088444 135870863 477550910
607654867 23841569 326206709 419351609 327734946 344271088 489485390
794522977 265163865 473141042 645901726 630297260 491749952 885053032
672959197 424860593 169190059 288669405 218802708 638678970 494912010
460106039 19359662 384917968 25280600 64902114 1238694 59353381
597880169 288677604 300543488 139689210 499875770 55327186 8408746
659511133 657954574 156016786 19359660 275707011 641403425 743772908
597245281 166681408 127522943 491335467 521414567 541618677 858566698
440501063 37035682 57697383 436463579 245593212 351088781 545701266
100783783 16142827 43332797 78869455 49145403 87968336 669876071
721724099 159343035 22656223 77914229 143938678 234003073 446608929
276061151 221686214 4127679 191613634 206049138 117035342 513322634
858620699 839964552 263282354 424435738 278835797 471760503 796379073
999253091 295584361 108453761 710390137 136295822 82126257 993446577
940973941 799393487 76725700 494858347 721330492 21903396 922202281
80749007 26500617 24461202 17012132 51143575 20437896 162587935
988040633 937306564 118387530 787001371 230763111 908104282 467991011
996466087 871711647 349741379 7463650 598467292 804629989 88119091
762067703 215095388 549149244 438505914 301199690 405482167 764332060
531761849 322042979 188142757 188908187 410162069 266418573 963247572
348923177 108696151 138289536 200226066 272777000 100842812 65622293
770637493 61792593 420775147 384278195 70513115 534471091 343823877
660266251 382735195 48912448 520986057 483578007 133735985 319086779
717502673 357146653 431453491 516579745 86376547 128129745 421736739
107602907 71583561 52716619 30147427 4219097 82269172 141087392
696743431 371509636 92278943 516579743 442151312 204673818 487576264
235145011 219608347 165494614 27142517 10416003 125613869 174755151
374348771 158963131 229727174 233639079 309280945 352729073 876297166
385764083 226699385 145956928 175990244 241931337 33877037 683018026
59988391 42548541 17820318 26167036 6317566 25037470 22440985
457106569 226215130 226272750 378395715 240659503 310287164 910116727
899521691 12372653 788345570 568582144 344099533 842564691 462447892
114225037 55349423 36213689 64924067 79395189 89450914 449969627
928655237 201323791 73513638 823719685 684305009 324105440 134088971
370879699 128398189 254419762 356808830 153818251 148230446 9718848
804586379 535707568 400486096 144189530 151309149 525819139 515069228
951068099 370383543 334751393 521377071 815484983 7691666 939525563
373154057 94158206 133846159 294647942 346069883 141725538 904969898
131283961 25779211 72570191 37983546 123501032 66368516 985975756
138046127 68947093 125206690 103222101 44018282 52726123 653546424
728879089 638581695 325640752 20219236 611669928 483058876 215868722
566406161 214472119 273116250 539081800 443868437 515130498 677127926
819812659 505066915 668116200 394659457 271370169 387385341 330669565
181917427 159397493 81748532 2010235 55546895 173653741 2272371
759842539 106167504 613803313 169013825 44584093 372885547 910719649
651094651 78759234 13705864 144886427 429936952 298090193 162567675
491739419 92745046 379548353 173337597 423450648 193551715 328260933
109186633 37232870 63028033 97721720 65966453 53504623 219745543
944932843 740696512 737356229 786548922 181339611 860775981 51351758
145696597 47483794 118701960 97715631 105549731 79401638 338727196
912826361 142640031 413940423 126872067 853703616 682064151 57226172
605136937 304128879 47548463 254749564 109057536 567972665 72307269
845278009 470889684 415051483 25867766 739464914 363431297 174077073
170652787 66116142 41043122 95953699 151258523 91553267 559574091
152282743 13129175 126652316 76913440 65318077 34199269 502447874
651222953 294956711 442961231 321911308 107980795 506274625 8956632
39592559 3133142 27259128 24492002 4903258 6084657 910958375
917879737 165824999 207839039 35289053 832166830 597291988 113435477
676172363 162446269 198957301 363420191 561505001 299014946 18105398
148945969 35531512 79055088 103560427 131937407 119294947 242725928
666998569 173143491 481992346 8157835 427213646 63259092 396164080
228248453 48756539 108695331 170306642 143364404 219613316 795701713
63581113 38914578 47199558 34696652 24916364 3138760 32108236
349458253 260720315 202706791 130267925 220177481 96515119 571701576
346608763 337482441 220335335 162759328 224164373 801119 945731942
79811663 37812421 41943558 21927169 74967138 18414027 461144886
896669621 292512033 487760175 289864649 644802014 337514891 254761256
159079241 130475262 64968512 86032670 36409924 32998818 248840096
32635489 24679016 3312013 22701488 7554944 2104645 456890846
357348157 185380687 52678970 331124181 121102871 306444527 25153328
434444287 23372281 155343224 19490600 404517142 257681961 706311586
100744949 19456771 67059095 23660353 28043551 49632576 420298357
55340963 55013592 49800321 39992061 24796038 14866771 903465348
96976289 18150454 39907615 39944043 44708874 70377018 619827095
115020707 105436833 99337231 81607565 98894771 81942519 656170009
407882009 388045842 292301781 268198561 69737803 406085745 745114629
434583847 383585027 189083207 391977005 119486226 219002178 274912313
622331209 457144188 50945838 48656941 214035784 62593319 85497374
966937051 465095684 85671021 81719887 679131468 770595549 101091365
875597167 629313588 147450983 31478987 843066784 155241920 90510728
582753371 455847018 224980925 538602852 217699489 178314728 540265088
337255207 197216570 179854197 261326633 305350873 114906143 909051355
922499 833623 883367 346219 843474 278687 82773404
473838899 423334003 54069268 156780858 231603331 29635543 123708653
724778953 471358874 56932569 608232109 561106602 256993679 409409502
441961133 267079872 198547209 223802599 133171213 131022087 36743402
126816673 100582716 34301246 118708263 5446410 40655786 192824585
48088813 44177150 22768319 13048649 34385210 16753791 912760740
795172733 295272234 495255507 203284890 412860240 17280483 966554336
92506787 70872880 87919479 84868750 87803492 74250069 703099730
652510757 317833018 24546756 318872468 506494202 339546151 114045202
804792743 136400778 740021298 92506783 170303551 530592870 37272860
158315093 79582012 34724719 69372162 60026794 156948129 146718757
601999219 233830726 471693689 136400776 30366814 425508005 370805386
441063661 228930399 59585931 26176983 121889163 174213980 694162076
11626561 4710072 8303495 8726096 9607552 2603587 536337328
497940767 296639845 407353447 354473601 144501927 105633988 705214439
685651177 333620840 369539204 368677486 61499151 351971545 321977112
769711157 418765579 350316225 394000364 417439705 221199882 507942022
310359919 10517780 265183519 212313176 235671155 86789874 357602416
286549009 126894304 1336010 278876147 1385174 282766168 846554758
363717379 66752093 199524591 289496188 336734497 137731003 482615
197444101 86265986 182244581 195665085 175174335 166403165 477929397
180534619 175041441 120790126 43693086 166817905 146574401 308522745
991022699 304732150 298177260 655887415 328805817 131081244 776677543
227417129 62013468 99578609 225988083 40657616 223338306 101669023
442298309 415805388 362048872 169821011 187883588 223766790 674021258
765035659 817000 472109074 291573265 397285588 339941388 148236160
746799743 392652015 112553267 260642529 319419626 337534598 402298120
830073973 408260878 564979291 617552005 344039564 419676035 739199245
24127427 7286031 19416834 17797855 15122106 14936687 6860077
151924021 74822919 146082799 144057763 25616913 12130551 415370666
613620299 544071717 116044425 352523763 402210047 606308499 600743197
410851391 165542596 93639359 23656782 350699889 86644950 25539665
907940843 153979861 367334825 647692934 731607948 324986549 809635216
229730321 128393834 220866219 203217661 52471269 64463156 414111537
879589463 851025322 742300858 353641453 689405124 245986594 432066513
967125911 29050010 109260134 462800796 89206551 752285989 554879074
3917833 2034352 1026014 2925526 2891174 3210526 101913637
841664959 34801407 795215695 606656547 735302824 498665650 426298808
537751597 396114010 145916176 3616781 360069456 369312009 138584388
10835329 856697 9972283 504602 5585560 98342 146022174
72335321 54358963 29018343 10616513 52863964 21141310 359790028
386998277 46649714 381754917 32924682 103065656 46273337 854140416
260190211 237907020 198658276 228973152 128787904 65276130 203086829
472193551 67277565 437564939 144979791 246127882 386598006 611801491
585400601 108322377 2020937 544408261 117575532 361985502 539443166
579918509 365556806 135983683 373683132 483866073 523857195 470244116
628532599 441774886 212688517 593797774 371734179 153141150 4120362
107427557 1560394 105403466 89581117 105972489 74795900 784779957
158576519 154527733 131954461 46039136 46143578 16939730 408823928
93850453 48573896 20149440 5116224 73047616 18782555 517816341
887466851 837623098 266532065 239773233 501830161 772077266 672215920
650732183 45232814 608338860 503266731 285006047 459436838 429324716
82616587 50262094 75202069 71821750 20313989 74131887 458004541
510737329 63535997 85029926 263531387 187690882 409820310 605481694
492436897 331802689 416417848 252181127 190146130 157368376 40012712
21119143 17222520 2266556 6559210 4863586 4487309 299783526
118828153 36906132 13218133 37577314 67895914 76814051 114592260
515724233 98659916 431362492 370088850 405728263 140367237 113290017
615408379 427178259 26944528 504908162 69534043 73638968 970177952
471637657 317560020 316427792 397753452 59568402 249176309 349467669
331259759 106125391 41007745 275537393 167208628 271032787 907354967
850397029 358858834 700779272 86545942 399573740 771778867 834560614
412625573 200940033 279601928 324154003 164886565 217072533 401962352
751430021 284885205 11463887 234341258 616144962 377834446 866853931
411355163 32001569 159908261 326539696 375981217 171898020 368807639
851485697 416550087 518097019 320147008 249816603 88952998 211829365
545468731 500566322 188142959 258479858 267359043 374734830 88619632
978848341 484420529 95449287 10640524 161486033 899397876 179150065
78189977 58256708 28351754 19790289 60000595 76523293 230028100
354990871 295314385 239537885 25890087 62392365 168141397 436936292
337901393 176737785 302048739 17137006 213262005 270697255 886496304
359107501 255820341 95023606 259409519 52993619 115891515 783724171
589353563 482418948 5607550 24862459 511582405 167147150 19053894
792827989 756204999 263435426 273761173 421154037 7383998 415637371
670236601 131257104 454394392 542805881 217521216 473448285 392088887
71446399 59926425 4267148 39103990 35019099 3039772 953711761
955294273 394542286 224241480 315514552 906241171 11852480 294122325
356384069 270295515 202125564 144193769 41677523 223604268 450639490
960850543 335949307 29990309 422432053 10247287 784419544 484843136
362667367 264052461 254831674 91360472 311158900 120009671 508103567
811442791 573986726 396771417 597305647 270647501 285138356 634840469
840436213 651454288 589930494 197053927 230632866 32491430 791833562
135981073 108881430 79073185 114968743 28571185 51393921 765188406
888192089 238045092 761451836 589930492 16243673 525473481 510614013
889569959 259851554 210101233 153290960 135470000 606000023 438905401
974181071 662186168 918147355 33289138 924229666 122176374 607193907
648063131 78734726 534864163 571050144 498184390 637433356 680544834
76608089 63569569 75591701 40386020 28482898 27305992 62816712
130231697 84529130 92520989 76332560 128332316 20272690 103476697
784962697 175055028 703504452 382732228 335448356 321734266 320226053
742097051 62589545 688014959 631510071 363358137 285511733 671724978
536191 433511 326504 149716 211797 87795 571716003
221785261 209734458 96858520 143407396 135059425 159448065 978532586
306584903 295356267 277984743 251513281 3594130 86161314 257736341
281400599 202149992 6439245 261644813 19793173 113138487 855799333
14379481 6655040 1598816 837256 12156185 12603431 924726240
876924973 234065548 478846034 671469996 772205163 216403551 480394501
5991221 2585912 4147761 2755057 2992772 3640702 195392995
603438203 21183579 416306421 229898547 410796182 477400672 924562302
257275927 216575889 60286957 72341845 15393881 103247479 74719791
854159681 163693573 686707969 764235271 144136110 87110259 552838955
6453529 4163483 4867568 5582801 190146 2095842 894175827
887823907 866954834 147618272 319924689 539339025 88571850 30306792
884904049 740098855 59931898 490058667 193265771 77358896 328409860
190800697 156749520 130432 177063873 160593678 28922513 654743757
592712167 70335259 453168941 105598379 20261988 346240084 52499257
200177933 188496930 57521038 152521415 92341736 8792414 543500045
5899853 831463 2975325 5300876 3010617 740807 163997487
536009833 459809176 278797426 200177930 37721956 126090181 88887113
196494239 154881505 6219420 128218643 45319884 117717651 837583286
25781999 7336328 9350850 3476689 11584231 9365229 967177810
78459061 37760350 59090276 60553983 5322220 10903670 324503296
154577387 69017231 108284335 123836754 139382691 18982483 253814912
173506337 126681633 122544498 99857222 27586858 118426050 890045004
387543257 95366293 340431157 223026303 45179695 96499736 773662907
14988427 14295758 9148598 9915869 1002566 2907693 806716567
357179131 343490600 47797572 172890351 320143706 202316982 405039533
631791151 293108585 15385717 262547109 630097529 432373622 280846325
911599627 292535415 768472152 570832542 199470671 399414334 928011673
172124153 170713180 139225271 47415432 168204945 72189347 364658871
220759411 177697007 191051840 191401006 7407208 2333156 334166754
917925817 334064598 276081267 736120058 334712666 29461978 191472097
25956409 7607202 2528284 7779867 25359476 21466056 529910011
128284003 109346745 111781458 94225757 36807681 8099862 684957608
115099937 96451215 65182681 16890820 96572395 56675574 410903282
986842433 34216701 104054689 33191580 529199901 869032046 163077912
33295901 15174435 16423254 16658278 23511105 7076028 642773457
552666313 158611331 245317770 538540553 48598323 238070760 620776660
932928251 62794262 873101985 576367292 753583963 189910384 118854420
890032391 869947384 337195305 267246147 275130046 6321927 697811365
903849571 58526748 543112226 859234085 257480518 408112824 949561430
603672577 390090083 235097384 123824690 578561329 13916214 981370839
466553509 97704181 160288168 304274491 88467218 339521587 92781284
926061637 104181350 881253833 92781281 43627810 883443573 137280476
413940299 307995056 97202016 2143203 353903433 9240918 443605503
181553347 60051790 90805649 128004036 85630933 49640710 521939655
645857701 308864205 572768983 37265299 360163520 314318757 713785971
488467843 144977447 17459747 193122927 15137823 436308774 191897136
518728799 467661738 330779796 34549934 352369660 29398205 867036574
249050903 78409172 111721281 195693520 94254009 30506360 551245439
56731819 2215667 12447990 11047999 24339292 49244376 215792876
739145203 290284796 128856592 578098534 578243366 628141511 282623097
61535729 22345656 30138070 44204290 15406069 15216364 206249639
328617889 209411671 6138832 202941126 235377381 132843828 972142493
502202273 126515121 346438355 14859249 47257869 340562212 247397290
110772631 31118408 83051718 106054921 90355035 96178562 867061704
687460001 19844055 12700004 401559011 548335285 466968148 61125966
857411977 592388417 358826978 229587716 87027288 293715158 971724822
198082097 57586829 176559225 165932839 41114749 132625713 63371672
884121929 397988676 619696224 219005229 741904542 55673146 410444028
825075533 766265141 467852387 278051623 683094151 144285743 191163069
132306107 109421686 14971416 58856959 96753530 127880538 123158366
639375181 326738166 527362871 536805757 8327103 389313685 345994734
62931541 24656167 35279629 6641855 12531002 36949407 236492438
65694661 62384645 7781325 51802509 44406658 4511537 252722866
67369831 65878512 55231207 63116624 51028688 33736357 39529737
47995151 42325539 14165959 27320786 803411 7426323 174575275
57873709 15807095 40645822 9235678 21312957 29294653 691657122
598805591 65030102 366479746 241142022 122538456 86991030 477386219
874878007 275642430 89363809 166541131 67245828 314588549 965609104
233527429 41784774 176933172 88954323 95663170 138381251 107608967
839032307 651726582 242799560 797156198 275406649 598896701 252107839
54230557 44493310 39298351 33050650 30440409 54147312 325544305
553868591 48932117 395957500 476219224 87222024 44606838 684893569
474765097 409229818 295455404 54230554 33188588 425023753 917810228
146048113 74811805 8897221 141172229 137830331 84977442 615937325
489778841 317926750 93367222 465328173 360600534 410571907 157651686
67100779 58776088 316373 10168034 7820957 2211076 337754590
774712039 774270405 119845250 329274312 322085896 428306105 310466820
305270279 272741155 109067830 247260362 65075208 294801956 291408360
102805337 54888029 13696920 36698665 31051439 26824166 682578167
101994157 41116155 95499979 1109632 17676438 46570589 624402032
734160571 75535938 157616976 520591317 149373608 344318 851015299
530033039 101510009 231042720 227066183 56020515 388608935 424560320
88392097 57527900 58793181 78895348 40359237 73153126 394588167
672036829 414406522 186473164 474228488 110103740 397644485 906380316
749260103 104526249 681920310 22883461 483533016 350938447 502783653
936747503 133417360 374704722 530981997 829061530 74931072 297706586
390115837 48989589 29530830 196203108 363004973 293019443 664556454
433181449 244523746 115722018 118439403 88844942 407875796 700492641
610628071 176449918 95770106 414096473 270064356 402544017 194568673
834662831 402852486 775185314 644278079 178817724 116972401 574711019
303983063 211128077 167405754 250137315 199163498 69521777 671625864
467117089 438342689 39762591 369748881 323202714 348017382 697652195
972852161 811744321 880593247 842633228 393369154 145229598 718087289
61303421 6844248 58885318 2270518 37960269 5281579 82828425
604220497 63334310 414742388 310986761 228267988 494687245 656505550
708288989 27427907 283862579 133872902 648553240 707875069 148242111
192960293 36788731 169544900 53240027 155971196 163320449 382500929
311631469 277862967 69166687 159587767 206497103 70853449 622745306
898351577 818135247 202854360 574823762 860643628 266384718 745732447
11548619 7518978 10391981 7291211 2498196 5903575 339547001
659868611 242351894 62352155 211205675 94283856 433291422 655758838
216816539 30959480 68909433 161524099 16059571 76398406 785459954
996889427 265612887 161602942 655494 255040207 844524534 226585004
284709169 64280652 22634138 176076489 42177739 201519600 510575960
270206611 97375625 152580167 94770479 158704669 234972461 914211905
551270267 274928935 249567032 440658822 73526602 504437742 650147115
434030867 231755249 39359223 267734072 359586192 143437064 921901812
940184117 299699211 412926485 540079494 323806736 571472357 368828181
228370631 50554720 151069509 185034756 144953148 111525749 347959010
974070059 917137132 180987752 403731872 124166723 198531343 52230825
759560209 518433945 567016115 162324798 10109116 589555582 723580651
99842363 76024669 81178947 83151575 14687880 1221722 985101524
361933307 172517569 317223677 78217453 8466152 269582388 13810877
608373487 182915173 393568291 544007091 568858316 475317624 366830235
319947349 148580159 246620230 140942484 11547983 60920407 933217762
969191633 828019314 123885376 715321949 173838651 415946333 598026116
834427081 245348060 401919053 148580157 102903525 348329154 314502573
962849227 81715868 423404298 324473973 456941603 210889314 13716231
922865497 192942824 82365905 730155962 471075281 90953830 356748470
759793009 508169252 584095847 253035436 553087672 544615821 518928828
523334719 149028014 45122696 494247772 67446130 383822991 145967801
192787523 165507276 61054504 94000162 73753377 4643680 455931106
326713241 228136128 318293303 182668854 217482392 193636252 504441728
604981073 74324377 262231208 265999744 506057066 20322780 197694058
155114153 42422761 17275040 23086623 39398828 74900505 719698043
668744023 40291063 77673564 205388903 429522364 204889389 43940363
128838247 93764389 45225900 6244571 40432950 29652375 494535389
482825179 322881093 111662775 342120959 46166084 471177966 503470359
48636299 32092893 27945670 13994589 45681626 4989831 188028163
944027983 508181126 921088373 13922026 58171742 472856390 953692395
67867763 18232801 13734264 52983554 10940749 66534190 43612360
127016599 11581066 61812210 123685976 92719051 49543316 311053634
702060323 101057429 224346998 175318337 131180261 8427995 174450356
829545361 82834499 512197859 513157739 296901496 639214456 413855001
868336201 71194894 782771001 134707550 195548872 54050773 22331401
539626957 485768695 269132859 531567935 189285782 403840409 806370723
326404499 140330484 181339349 41270222 158678895 322120922 623682801
267669821 221705025 123748867 243810872 127711262 248620981 176277318
64919609 6953316 46761285 29593509 63034779 9441130 185084976
47790341 34532760 37809802 28793665 5423216 33635713 792488280
562549121 18357141 156977173 507168974 382835233 117533529 743255538
812638591 508152536 467109785 484783565 431151484 334553845 893194045
775868129 583059653 25313093 699961543 482775453 91266680 121102037
708026593 440621176 707823760 578337598 290425327 212978033 536453662
8767169 8570323 6830329 6753563 5819206 4276613 817387664
222436217 36014423 138618714 36675135 92293087 161735106 768138848
551442713 318997663 84693308 314570176 463831885 360989642 640911442
81747161 47084361 18586178 49755842 43313160 22321433 68559262
95641963 14817958 16118299 22002157 82097528 54212235 973701746
819649133 332716192 434879856 566641269 487293530 369143366 267702920
938563049 95068614 594947566 52533348 374043444 928123488 681335424
246099353 240075066 8030591 184064486 42408185 129798153 182267201
819825991 382101404 252469841 425699020 301744415 376163928 453399834
863456543 280900854 709477459 781726287 141826131 315487648 317616043
140463109 43108649 91823798 27250200 4128455 72387100 39094858
940675513 819883179 890839274 265539876 812710282 148793411 119989296
14270677 989998 170301 4477734 7164421 10040891 100256311
949848421 654644769 179801941 598952805 162329279 827519233 829114565
343546993 208316738 10757703 272220153 278630005 12976649 27367462
93775459 40379066 77911487 6944600 55523175 23155446 675028950
121136767 12294892 40374661 64142670 106233766 11832196 115944938
796597189 408079243 385233491 170169466 261283192 354019718 835242821
877738921 715594195 43618697 197588979 396994248 767557827 386171978
193167181 70931217 141715721 35809991 132144237 150655109 887167832
713194147 352634941 14718040 688450455 28375993 263471585 634298855
908821583 543040781 15377954 561517349 882361323 568782564 260152938
34767241 12780 7895380 32179104 32987348 15681195 845969871
876824857 776651099 766095660 638162788 81029815 781473614 108501723
422712067 399468112 410905981 335396579 220000429 298189570 790972236
570538333 341734904 535239845 76530639 101423582 32325967 34385313
98726659 54086702 90379925 10364500 6725643 76976085 325311074
221495399 88812650 66893891 142031161 34306962 40114311 22702073
340198879 146416060 120119868 189946438 189513456 104068325 26714941
16008821 1965517 2159849 1902532 4587721 13551440 756154985
382151311 221644590 42479109 310668737 146993208 170113170 195488990
469019267 138692176 345842416 104500346 463490269 158100920 697394365
704810791 618771611 78620813 226068380 16471394 457391428 621704159
694596037 639805225 90053475 239932434 410658171 642317956 435421424
726385199 635705592 64450631 704810788 516615137 143071445 657264369
141014891 89862851 139951229 8009314 114692025 117868110 394962195
14435219 9832152 5179483 13070034 4298710 8503338 50847120
372328613 330160310 167615710 66085302 323691549 217895790 354373911
630906589 459542073 281322710 497858155 429432552 97138268 680180930
178714187 175086105 131695703 173254589 62148783 131771980 690751569
189455087 111257492 12178041 76499309 124363198 72383446 309827220
118598131 53156224 31635701 27373480 99346340 110273806 714387249
83763551 51270432 76707754 79507990 44670786 4559856 279192751
685278743 540010913 377875559 595541074 27412443 382613493 942107078
352371499 229356104 13027106 216950230 325756343 287376672 497278902
643381381 318903271 548949605 131709098 59988089 360950981 460369222
100234523 57135098 87151014 8414450 80322624 81132859 101981041
852483451 150103204 298677289 165369021 407455356 176782944 759074412
800242637 250194145 257123887 52240810 452538164 61043617 818095107
577089101 11729223 506104312 448953604 50309791 69497975 201146391
278146621 45448878 120536402 28767940 233780296 16181648 142350713
122237243 73250654 29540110 39071170 89220685 75795150 764730352
555304331 133611894 115754933 34105828 483837635 382705380 103739896
105872621 29293042 79487695 12513633 13587845 14875015 649162662
154310417 48835558 56132769 61531550 102282969 14521738 919811504
160866661 136249381 40049308 132308556 70932784 27111256 224673054
27174337 7885905 13326052 7739421 11757011 8125632 689332513
78349031 12875071 48075956 1557899 73461917 20512832 381160834
676593611 90841144 498426467 65272135 525977166 142229975 110791691
919005803 493413213 637678148 713581556 482974387 568543527 613402622
184924673 22805694 161602391 114711988 5118393 80648459 791305598
26684309 22356908 15572303 24512664 12167203 9580700 646530347
189174731 24068986 124050530 170646213 65557192 136495076 558606371
480173201 19575084 366622177 206947228 352062464 380093393 453346038
465578479 454571004 296467772 224064567 142578539 96511006 790048584
419363537 211353432 288477789 315666373 315614139 268975981 672256629
423673247 186800784 261034895 238244311 114288360 187141911 519326367
690825197 479402212 205371594 617551649 44053373 372974906 103833266
80181203 733100 12098931 60985389 19301667 49626781 567807482
394462921 152476352 173839375 314907421 186637107 251614079 863164347
8253299 1094510 1464374 8235925 7363267 1109898 656520008
574043033 456164877 360185740 448458541 371515366 558705653 38554749
816156529 527682972 714206698 325192411 606627493 528922895 763239231
436104029 383910255 418891296 296201804 186940123 362724225 4553064
209457487 22685899 196901631 33384454 187934384 102762417 3020752
329817661 154624563 223190957 322444113 302080543 285573831 77892277
100045889 6134808 5025277 62918005 20772351 45417236 515227372
517030523 250671839 249100158 162826859 363060586 149157780 574990078
25461991 2337144 13363800 19617692 10574320 17003519 753677438
617503157 155655293 52699419 287187031 184502257 334723625 759915218
687802393 13398969 519306862 320853355 79274014 344693231 566014781
412868747 411434360 405150424 169460048 122183830 236550302 873283342
855264503 330713247 653398844 748741341 548058370 159177075 891805505
283572491 16604669 116368761 196423280 223954811 14392629 14860458
254674363 39058389 139321633 82028851 194284321 106968768 284126490
887961077 811370717 755253671 13234391 515356799 421761703 155869831
6682063 2240731 762158 4983714 1826192 500477 195448246
765973283 443258777 81424609 688635151 370149359 220805299 196128692
724595297 142433960 421769467 142169665 390086950 493300766 302082736
108555529 15371558 2957214 12836021 21095834 48095139 738524133
786567469 589657602 491705097 265362177 248769333 333920882 481467249
424090463 269691269 126859053 28396817 93843597 242055287 305092972
103737091 16449833 32195429 21724842 5911566 49069480 904100330
921881371 597521433 180707141 468179452 273258690 559493976 110901254
462464467 3379607 1034024 199069395 49853673 400749149 184443658
819467057 418797344 357833656 353501705 632183092 313301967 110118386
640567253 613388085 431652227 489851373 100540648 376385982 803153341
337139141 90178370 91946248 84178082 26331626 120009679 184718731
5151463 267127 507762 2310051 3880174 3074437 813667790
614672419 307423660 598731589 120157063 215153524 321198309 836425278
809338769 200762421 117990862 585018137 67334074 504464783 74674251
252744659 164477400 224379867 61073947 159838497 220922992 881651053
838134763 81000059 670410503 117990860 666018196 737744577 931784297
291333599 83919728 146500487 55745536 8727158 15603916 663031348
976600187 715362037 32163216 785242159 72031348 437159096 717026457
39665929 23081109 1690111 37486333 23426729 26031506 600710181
190557613 150583173 183134018 75912582 29854143 7194718 149106798
104801387 70306254 66608178 39699262 17191358 90857396 288047889
113130013 68927697 20588459 49719463 81372699 39569191 598696863
667591699 116529921 652668662 405598472 269117302 91492574 677033388
997037917 183773326 295349122 502467230 31999843 905201510 17338208
699061681 273457566 694223985 552479405 698767124 78731828 726157495
816900659 25118539 147693446 230621141 433811781 318642412 79951684
144294973 77420849 16632566 65404444 10970387 128536785 80837414
783916967 344411081 209716416 464036700 545220180 181094492 379125201
770286389 505846523 664153996 110255919 364964860 478054457 816686651
272135587 206839528 250515439 162629836 162088598 119045707 172216492
871215253 771670264 284980767 358256745 523885417 773229361 975975602
755549449 610311204 112664329 233713365 68492042 377446779 825013063
907001411 903953048 890493604 735493361 231998469 51979728 718551956
225363889 188726662 91252718 127495359 121126651 78467659 104673531
408736619 338977980 311230941 397553368 406967004 379722983 773561875
231980069 47783377 17771024 156864247 136207912 170821425 540242493
383004047 173048610 54173230 59837121 91499352 373735042 70923116
598257067 284528449 375461339 134992516 207500315 68704722 189413618
934129907 142769540 454315947 611012024 500999810 837319992 784060636
466163051 398477210 22051256 292397806 48663263 343002176 557616664
704239933 604494959 95104526 699736499 308382612 342392919 217901751
23049157 11124518 15409582 17778753 20535615 14011894 482548013
583631317 74260419 142997890 149878643 556808432 108186669 11383960
156903053 46507719 5720401 19016681 533584 74665683 161247304
831838327 46108196 744877093 517763027 727747565 393224477 240161843
379452673 17612220 54302669 5720399 151434562 12738862 558160128
456458801 111154354 96307203 393224476 351316196 201943030 229135950
156822697 89705221 105076469 110068392 113722649 26197111 962361217
167243627 84838493 126022387 5859091 136035562 120956708 660416557
704260087 143195984 69869617 606683403 637184409 204809792 546467267
799655693 261161853 385975862 226925409 885681 371348436 257050412
675505687 513776802 248489969 885680 333769557 33562418 391474889
87654883 15374265 34258286 60014532 40940307 47134724 546667301
826095541 316851033 597194824 540177049 304695723 585646909 699135289
539914231 50995807 5394854 232567738 137352726 419164648 956643706
983806861 26156450 883534357 469936328 758867012 118707127 66414109
461559383 458053089 409272848 71293664 40813845 159608605 893810636
411268489 41493702 84167638 187746197 290871747 268007843 623084096
673348913 514237807 530026029 309409967 246757591 428703252 528068087
73375559 64928204 2240418 71959294 61792215 41734593 273102430
369737803 25679428 232249710 56249084 129764425 359828007 947901327
296275739 169576055 120081293 295047464 18742843 157532501 446763827
675103967 466293692 527314431 557145740 529114307 657078856 489435837
293750771 150623136 256084052 90672849 9252573 244660063 120918814
131377019 109108864 49787197 70487747 98085209 9218788 341958
885785123 260824201 38578889 166756580 364670072 749094355 360040721
935185631 344628279 766394140 613747454 764700138 884832023 574623599
464668597 309960654 348433833 211477444 336348628 342656769 336939157
810208099 541991340 141264236 676139041 400335229 438835060 152795433
5903587 2775997 4020538 5438869 1406193 1852637 884018815
374370649 114909717 238836424 28685083 9430939 130003707 391959562
46003847 26272942 23497312 30786973 43227771 32314501 50317226
188881993 76305815 114174122 144697790 33517482 157567740 769586640
935528177 94655890 623717919 815907730 439074601 246109724 429572764
522561887 344338867 323207985 465898070 521664354 297302512 395982138
219923491 125312589 120651940 162922046 20728909 59818065 498727756
969993419 160784132 14058462 898029212 165815074 395260453 953779505
518269909 157605639 24715161 332342041 130550211 134479576 526888293
146388553 48372876 124982702 36535106 136282458 53680004 231179278
763562693 105932229 324093912 464348467 500902341 266752825 86328526
383958721 92689578 235450837 50348760 13454640 152896336 284308271
109541191 39259277 69057121 61799722 30175892 41339007 648430417
590016643 211405617 306082807 196260726 479084248 110948559 467257424
134735413 86919352 100205682 97863846 4710831 121744477 963326370
46960187 37137776 25670210 28132086 35411914 823136 86401659
183360371 140627879 44976632 82836905 7846416 528593 378894042
117212593 78572217 91662169 16458214 22680449 52014859 918251009
882442849 498080019 344588679 19087040 452886713 16164744 904679543
817298257 495170232 356778203 253968124 791738716 454721718 571792368
221155609 173163038 159165361 43255898 5033867 104520065 92864927
989243009 360832507 725803740 177373297 11074980 340999623 825455726
210163631 16156910 89236013 179974585 82400868 110341617 919764908
486107653 195116862 295793329 35570398 369095511 263331185 917690865
958175917 481503038 227828772 530668878 211960214 795868202 827468798
812889709 633035978 134979966 14579086 677734422 523441420 814237012
948148759 55519420 609850387 126386899 61246985 60910160 639739545
129462353 107977884 126344564 11614522 157787 16743866 632523866
905266459 344851625 880308663 19042944 98828242 804439869 16917118
452773949 85576543 2479093 277604430 329663877 79482868 782863065
801039527 464099200 526837383 483131739 225976712 89060064 500048858
857317213 660420588 853578269 343341313 604142901 828550561 182091318
40389691 16933624 10523211 29527645 2948882 13808031 464751088
102665489 36190614 21826208 88506967 34581127 6688134 878951542
860587537 55282537 443713734 289332199 310642570 435299239 269089543
94660549 57438733 40933475 92266600 77812954 35398754 517057119
932871571 103120672 435871438 592206032 853548238 642399914 429677038
397161403 356476800 77461088 62225398 164087954 173991541 806155060
112513619 41004990 39939453 92136178 9716372 28552558 466180520
355250671 201417619 90217410 249677749 354307055 209589230 667153820
866912659 411809763 169981463 5103198 142841955 95894105 473848183
842329711 67537761 380152885 496709988 219589051 710214285 965727737
355998239 67916504 214933644 50844297 135454265 132262304 547554287
741259223 591563381 467228735 473674419 642407679 649714276 88455172
376364951 303507224 163470079 331981207 97060385 83510056 509846335
108664601 81182683 93996178 85622865 23845738 76591768 297137727
5016983 949016 1555658 661521 3769937 190696 252029412
337245929 219954998 6914040 15579944 212137832 213431089 323458069
262251607 227141952 97241842 219375518 120299786 257875003 286330920
87195289 77482713 29412711 31080908 1834275 19433522 292508552
229441483 145045951 199736539 163231677 2799755 190278156 596476450
58555751 13911155 29684100 16140845 406447 53522218 830153546
