1000
26959817 0 2 1 1 3 0
26959817 0 2 1 1 3 1
26959817 0 2 1 1 3 2
26959817 0 2 1 1 3 3
26959817 0 2 1 1 3 4
26959817 0 2 1 1 3 5
26959817 0 2 1 1 3 6
26959817 0 2 1 1 3 7
26959817 0 2 1 1 3 8
26959817 0 2 1 1 3 9
26959817 0 2 1 1 3 10
26959817 0 2 1 1 3 11
26959817 0 2 1 1 3 12
26959817 0 2 1 1 3 13
26959817 0 2 1 1 3 14
26959817 0 2 1 1 3 15
26959817 0 2 1 1 3 16
26959817 0 2 1 1 3 17
26959817 0 2 1 1 3 18
26959817 0 2 1 1 3 19
26959817 0 2 1 1 3 20
26959817 0 2 1 1 3 21
26959817 0 2 1 1 3 22
26959817 0 2 1 1 3 23
26959817 0 2 1 1 3 24
26959817 0 2 1 1 3 25
26959817 0 2 1 1 3 26
26959817 0 2 1 1 3 27
26959817 0 2 1 1 3 28
26959817 0 2 1 1 3 29
26959817 0 2 1 1 3 30
26959817 0 2 1 1 3 31
26959817 0 2 1 1 3 32
26959817 0 2 1 1 3 33
26959817 0 2 1 1 3 34
26959817 0 2 1 1 3 35
26959817 0 2 1 1 3 36
26959817 0 2 1 1 3 37
26959817 0 2 1 1 3 38
26959817 0 2 1 1 3 39
26959817 0 2 1 1 3 40
26959817 0 2 1 1 3 41
26959817 0 2 1 1 3 42
26959817 0 2 1 1 3 43
26959817 0 2 1 1 3 44
26959817 0 2 1 1 3 45
26959817 0 2 1 1 3 46
26959817 0 2 1 1 3 47
26959817 0 2 1 1 3 48
26959817 0 2 1 1 3 49
26959817 0 2 1 1 3 50
26959817 0 2 1 1 3 51
26959817 0 2 1 1 3 52
26959817 0 2 1 1 3 53
26959817 0 2 1 1 3 54
26959817 0 2 1 1 3 55
26959817 0 2 1 1 3 56
26959817 0 2 1 1 3 57
26959817 0 2 1 1 3 58
26959817 0 2 1 1 3 59
26959817 0 2 1 1 3 60
26959817 0 2 1 1 3 61
26959817 0 2 1 1 3 62
26959817 0 2 1 1 3 63
26959817 0 2 1 1 3 64
26959817 0 2 1 1 3 65
26959817 0 2 1 1 3 66
26959817 0 2 1 1 3 67
26959817 0 2 1 1 3 68
26959817 0 2 1 1 3 69
26959817 0 2 1 1 3 70
26959817 0 2 1 1 3 71
26959817 0 2 1 1 3 72
26959817 0 2 1 1 3 73
26959817 0 2 1 1 3 74
26959817 0 2 1 1 3 75
26959817 0 2 1 1 3 76
26959817 0 2 1 1 3 77
26959817 0 2 1 1 3 78
26959817 0 2 1 1 3 79
26959817 0 2 1 1 3 80
26959817 0 2 1 1 3 81
26959817 0 2 1 1 3 82
26959817 0 2 1 1 3 83
26959817 0 2 1 1 3 84
26959817 0 2 1 1 3 85
26959817 0 2 1 1 3 86
26959817 0 2 1 1 3 87
26959817 0 2 1 1 3 88
26959817 0 2 1 1 3 89
26959817 0 2 1 1 3 90
26959817 0 2 1 1 3 91
26959817 0 2 1 1 3 92
26959817 0 2 1 1 3 93
26959817 0 2 1 1 3 94
26959817 0 2 1 1 3 95
26959817 0 2 1 1 3 96
26959817 0 2 1 1 3 97
26959817 0 2 1 1 3 98
26959817 0 2 1 1 3 99
26959817 0 2 1 1 3 100
26959817 0 2 1 1 3 101
26959817 0 2 1 1 3 102
26959817 0 2 1 1 3 103
26959817 0 2 1 1 3 104
26959817 0 2 1 1 3 105
26959817 0 2 1 1 3 106
26959817 0 2 1 1 3 107
26959817 0 2 1 1 3 108
26959817 0 2 1 1 3 109
26959817 0 2 1 1 3 110
26959817 0 2 1 1 3 111
26959817 0 2 1 1 3 112
26959817 0 2 1 1 3 113
26959817 0 2 1 1 3 114
26959817 0 2 1 1 3 115
26959817 0 2 1 1 3 116
26959817 0 2 1 1 3 117
26959817 0 2 1 1 3 118
26959817 0 2 1 1 3 119
26959817 0 2 1 1 3 120
26959817 0 2 1 1 3 121
26959817 0 2 1 1 3 122
26959817 0 2 1 1 3 123
26959817 0 2 1 1 3 124
26959817 0 2 1 1 3 125
26959817 0 2 1 1 3 126
26959817 0 2 1 1 3 127
26959817 0 2 1 1 3 128
26959817 0 2 1 1 3 129
26959817 0 2 1 1 3 130
26959817 0 2 1 1 3 131
26959817 0 2 1 1 3 132
26959817 0 2 1 1 3 133
26959817 0 2 1 1 3 134
26959817 0 2 1 1 3 135
26959817 0 2 1 1 3 136
26959817 0 2 1 1 3 137
26959817 0 2 1 1 3 138
26959817 0 2 1 1 3 139
26959817 0 2 1 1 3 140
26959817 0 2 1 1 3 141
26959817 0 2 1 1 3 142
26959817 0 2 1 1 3 143
26959817 0 2 1 1 3 144
26959817 0 2 1 1 3 145
26959817 0 2 1 1 3 146
26959817 0 2 1 1 3 147
26959817 0 2 1 1 3 148
26959817 0 2 1 1 3 149
26959817 0 2 1 1 3 150
26959817 0 2 1 1 3 151
26959817 0 2 1 1 3 152
26959817 0 2 1 1 3 153
26959817 0 2 1 1 3 154
26959817 0 2 1 1 3 155
26959817 0 2 1 1 3 156
26959817 0 2 1 1 3 157
26959817 0 2 1 1 3 158
26959817 0 2 1 1 3 159
26959817 0 2 1 1 3 160
26959817 0 2 1 1 3 161
26959817 0 2 1 1 3 162
26959817 0 2 1 1 3 163
26959817 0 2 1 1 3 164
26959817 0 2 1 1 3 165
26959817 0 2 1 1 3 166
26959817 0 2 1 1 3 167
26959817 0 2 1 1 3 168
26959817 0 2 1 1 3 169
26959817 0 2 1 1 3 170
26959817 0 2 1 1 3 171
26959817 0 2 1 1 3 172
26959817 0 2 1 1 3 173
26959817 0 2 1 1 3 174
26959817 0 2 1 1 3 175
26959817 0 2 1 1 3 176
26959817 0 2 1 1 3 177
26959817 0 2 1 1 3 178
26959817 0 2 1 1 3 179
26959817 0 2 1 1 3 180
26959817 0 2 1 1 3 181
26959817 0 2 1 1 3 182
26959817 0 2 1 1 3 183
26959817 0 2 1 1 3 184
26959817 0 2 1 1 3 185
26959817 0 2 1 1 3 186
26959817 0 2 1 1 3 187
26959817 0 2 1 1 3 188
26959817 0 2 1 1 3 189
26959817 0 2 1 1 3 190
26959817 0 2 1 1 3 191
26959817 0 2 1 1 3 192
26959817 0 2 1 1 3 193
26959817 0 2 1 1 3 194
26959817 0 2 1 1 3 195
26959817 0 2 1 1 3 196
26959817 0 2 1 1 3 197
26959817 0 2 1 1 3 198
26959817 0 2 1 1 3 199
26959817 0 2 1 1 3 200
26959817 0 2 1 1 3 201
26959817 0 2 1 1 3 202
26959817 0 2 1 1 3 203
26959817 0 2 1 1 3 204
26959817 0 2 1 1 3 205
26959817 0 2 1 1 3 206
26959817 0 2 1 1 3 207
26959817 0 2 1 1 3 208
26959817 0 2 1 1 3 209
26959817 0 2 1 1 3 210
26959817 0 2 1 1 3 211
26959817 0 2 1 1 3 212
26959817 0 2 1 1 3 213
26959817 0 2 1 1 3 214
26959817 0 2 1 1 3 215
26959817 0 2 1 1 3 216
26959817 0 2 1 1 3 217
26959817 0 2 1 1 3 218
26959817 0 2 1 1 3 219
26959817 0 2 1 1 3 220
26959817 0 2 1 1 3 221
26959817 0 2 1 1 3 222
26959817 0 2 1 1 3 223
26959817 0 2 1 1 3 224
26959817 0 2 1 1 3 225
26959817 0 2 1 1 3 226
26959817 0 2 1 1 3 227
26959817 0 2 1 1 3 228
26959817 0 2 1 1 3 229
26959817 0 2 1 1 3 230
26959817 0 2 1 1 3 231
26959817 0 2 1 1 3 232
26959817 0 2 1 1 3 233
26959817 0 2 1 1 3 234
26959817 0 2 1 1 3 235
26959817 0 2 1 1 3 236
26959817 0 2 1 1 3 237
26959817 0 2 1 1 3 238
26959817 0 2 1 1 3 239
26959817 0 2 1 1 3 240
26959817 0 2 1 1 3 241
26959817 0 2 1 1 3 242
26959817 0 2 1 1 3 243
26959817 0 2 1 1 3 244
26959817 0 2 1 1 3 245
26959817 0 2 1 1 3 246
26959817 0 2 1 1 3 247
26959817 0 2 1 1 3 248
26959817 0 2 1 1 3 249
26959817 0 2 1 1 3 250
26959817 0 2 1 1 3 251
26959817 0 2 1 1 3 252
26959817 0 2 1 1 3 253
26959817 0 2 1 1 3 254
26959817 0 2 1 1 3 255
26959817 0 2 1 1 3 256
26959817 0 2 1 1 3 257
26959817 0 2 1 1 3 258
26959817 0 2 1 1 3 259
26959817 0 2 1 1 3 260
26959817 0 2 1 1 3 261
26959817 0 2 1 1 3 262
26959817 0 2 1 1 3 263
26959817 0 2 1 1 3 264
26959817 0 2 1 1 3 265
26959817 0 2 1 1 3 266
26959817 0 2 1 1 3 267
26959817 0 2 1 1 3 268
26959817 0 2 1 1 3 269
26959817 0 2 1 1 3 270
26959817 0 2 1 1 3 271
26959817 0 2 1 1 3 272
26959817 0 2 1 1 3 273
26959817 0 2 1 1 3 274
26959817 0 2 1 1 3 275
26959817 0 2 1 1 3 276
26959817 0 2 1 1 3 277
26959817 0 2 1 1 3 278
26959817 0 2 1 1 3 279
26959817 0 2 1 1 3 280
26959817 0 2 1 1 3 281
26959817 0 2 1 1 3 282
26959817 0 2 1 1 3 283
26959817 0 2 1 1 3 284
26959817 0 2 1 1 3 285
26959817 0 2 1 1 3 286
26959817 0 2 1 1 3 287
26959817 0 2 1 1 3 288
26959817 0 2 1 1 3 289
26959817 0 2 1 1 3 290
26959817 0 2 1 1 3 291
26959817 0 2 1 1 3 292
26959817 0 2 1 1 3 293
26959817 0 2 1 1 3 294
26959817 0 2 1 1 3 295
26959817 0 2 1 1 3 296
26959817 0 2 1 1 3 297
26959817 0 2 1 1 3 298
26959817 0 2 1 1 3 299
26959817 0 2 1 1 3 300
26959817 0 2 1 1 3 301
26959817 0 2 1 1 3 302
26959817 0 2 1 1 3 303
26959817 0 2 1 1 3 304
26959817 0 2 1 1 3 305
26959817 0 2 1 1 3 306
26959817 0 2 1 1 3 307
26959817 0 2 1 1 3 308
26959817 0 2 1 1 3 309
26959817 0 2 1 1 3 310
26959817 0 2 1 1 3 311
26959817 0 2 1 1 3 312
26959817 0 2 1 1 3 313
26959817 0 2 1 1 3 314
26959817 0 2 1 1 3 315
26959817 0 2 1 1 3 316
26959817 0 2 1 1 3 317
26959817 0 2 1 1 3 318
26959817 0 2 1 1 3 319
26959817 0 2 1 1 3 320
26959817 0 2 1 1 3 321
26959817 0 2 1 1 3 322
26959817 0 2 1 1 3 323
26959817 0 2 1 1 3 324
26959817 0 2 1 1 3 325
26959817 0 2 1 1 3 326
26959817 0 2 1 1 3 327
26959817 0 2 1 1 3 328
26959817 0 2 1 1 3 329
26959817 0 2 1 1 3 330
26959817 0 2 1 1 3 331
26959817 0 2 1 1 3 332
26959817 0 2 1 1 3 333
26959817 0 2 1 1 3 334
26959817 0 2 1 1 3 335
26959817 0 2 1 1 3 336
26959817 0 2 1 1 3 337
26959817 0 2 1 1 3 338
26959817 0 2 1 1 3 339
26959817 0 2 1 1 3 340
26959817 0 2 1 1 3 341
26959817 0 2 1 1 3 342
26959817 0 2 1 1 3 343
26959817 0 2 1 1 3 344
26959817 0 2 1 1 3 345
26959817 0 2 1 1 3 346
26959817 0 2 1 1 3 347
26959817 0 2 1 1 3 348
26959817 0 2 1 1 3 349
26959817 0 2 1 1 3 350
26959817 0 2 1 1 3 351
26959817 0 2 1 1 3 352
26959817 0 2 1 1 3 353
26959817 0 2 1 1 3 354
26959817 0 2 1 1 3 355
26959817 0 2 1 1 3 356
26959817 0 2 1 1 3 357
26959817 0 2 1 1 3 358
26959817 0 2 1 1 3 359
26959817 0 2 1 1 3 360
26959817 0 2 1 1 3 361
26959817 0 2 1 1 3 362
26959817 0 2 1 1 3 363
26959817 0 2 1 1 3 364
26959817 0 2 1 1 3 365
26959817 0 2 1 1 3 366
26959817 0 2 1 1 3 367
26959817 0 2 1 1 3 368
26959817 0 2 1 1 3 369
26959817 0 2 1 1 3 370
26959817 0 2 1 1 3 371
26959817 0 2 1 1 3 372
26959817 0 2 1 1 3 373
26959817 0 2 1 1 3 374
26959817 0 2 1 1 3 375
26959817 0 2 1 1 3 376
26959817 0 2 1 1 3 377
26959817 0 2 1 1 3 378
26959817 0 2 1 1 3 379
26959817 0 2 1 1 3 380
26959817 0 2 1 1 3 381
26959817 0 2 1 1 3 382
26959817 0 2 1 1 3 383
26959817 0 2 1 1 3 384
26959817 0 2 1 1 3 385
26959817 0 2 1 1 3 386
26959817 0 2 1 1 3 387
26959817 0 2 1 1 3 388
26959817 0 2 1 1 3 389
26959817 0 2 1 1 3 390
26959817 0 2 1 1 3 391
26959817 0 2 1 1 3 392
26959817 0 2 1 1 3 393
26959817 0 2 1 1 3 394
26959817 0 2 1 1 3 395
26959817 0 2 1 1 3 396
26959817 0 2 1 1 3 397
26959817 0 2 1 1 3 398
26959817 0 2 1 1 3 399
26959817 0 2 1 1 3 400
26959817 0 2 1 1 3 401
26959817 0 2 1 1 3 402
26959817 0 2 1 1 3 403
26959817 0 2 1 1 3 404
26959817 0 2 1 1 3 405
26959817 0 2 1 1 3 406
26959817 0 2 1 1 3 407
26959817 0 2 1 1 3 408
26959817 0 2 1 1 3 409
26959817 0 2 1 1 3 410
26959817 0 2 1 1 3 411
26959817 0 2 1 1 3 412
26959817 0 2 1 1 3 413
26959817 0 2 1 1 3 414
26959817 0 2 1 1 3 415
26959817 0 2 1 1 3 416
26959817 0 2 1 1 3 417
26959817 0 2 1 1 3 418
26959817 0 2 1 1 3 419
26959817 0 2 1 1 3 420
26959817 0 2 1 1 3 421
26959817 0 2 1 1 3 422
26959817 0 2 1 1 3 423
26959817 0 2 1 1 3 424
26959817 0 2 1 1 3 425
26959817 0 2 1 1 3 426
26959817 0 2 1 1 3 427
26959817 0 2 1 1 3 428
26959817 0 2 1 1 3 429
26959817 0 2 1 1 3 430
26959817 0 2 1 1 3 431
26959817 0 2 1 1 3 432
26959817 0 2 1 1 3 433
26959817 0 2 1 1 3 434
26959817 0 2 1 1 3 435
26959817 0 2 1 1 3 436
26959817 0 2 1 1 3 437
26959817 0 2 1 1 3 438
26959817 0 2 1 1 3 439
26959817 0 2 1 1 3 440
26959817 0 2 1 1 3 441
26959817 0 2 1 1 3 442
26959817 0 2 1 1 3 443
26959817 0 2 1 1 3 444
26959817 0 2 1 1 3 445
26959817 0 2 1 1 3 446
26959817 0 2 1 1 3 447
26959817 0 2 1 1 3 448
26959817 0 2 1 1 3 449
26959817 0 2 1 1 3 450
26959817 0 2 1 1 3 451
26959817 0 2 1 1 3 452
26959817 0 2 1 1 3 453
26959817 0 2 1 1 3 454
26959817 0 2 1 1 3 455
26959817 0 2 1 1 3 456
26959817 0 2 1 1 3 457
26959817 0 2 1 1 3 458
26959817 0 2 1 1 3 459
26959817 0 2 1 1 3 460
26959817 0 2 1 1 3 461
26959817 0 2 1 1 3 462
26959817 0 2 1 1 3 463
26959817 0 2 1 1 3 464
26959817 0 2 1 1 3 465
26959817 0 2 1 1 3 466
26959817 0 2 1 1 3 467
26959817 0 2 1 1 3 468
26959817 0 2 1 1 3 469
26959817 0 2 1 1 3 470
26959817 0 2 1 1 3 471
26959817 0 2 1 1 3 472
26959817 0 2 1 1 3 473
26959817 0 2 1 1 3 474
26959817 0 2 1 1 3 475
26959817 0 2 1 1 3 476
26959817 0 2 1 1 3 477
26959817 0 2 1 1 3 478
26959817 0 2 1 1 3 479
26959817 0 2 1 1 3 480
26959817 0 2 1 1 3 481
26959817 0 2 1 1 3 482
26959817 0 2 1 1 3 483
26959817 0 2 1 1 3 484
26959817 0 2 1 1 3 485
26959817 0 2 1 1 3 486
26959817 0 2 1 1 3 487
26959817 0 2 1 1 3 488
26959817 0 2 1 1 3 489
26959817 0 2 1 1 3 490
26959817 0 2 1 1 3 491
26959817 0 2 1 1 3 492
26959817 0 2 1 1 3 493
26959817 0 2 1 1 3 494
26959817 0 2 1 1 3 495
26959817 0 2 1 1 3 496
26959817 0 2 1 1 3 497
26959817 0 2 1 1 3 498
26959817 0 2 1 1 3 499
26959817 0 2 1 1 3 500
26959817 0 2 1 1 3 501
26959817 0 2 1 1 3 502
26959817 0 2 1 1 3 503
26959817 0 2 1 1 3 504
26959817 0 2 1 1 3 505
26959817 0 2 1 1 3 506
26959817 0 2 1 1 3 507
26959817 0 2 1 1 3 508
26959817 0 2 1 1 3 509
26959817 0 2 1 1 3 510
26959817 0 2 1 1 3 511
26959817 0 2 1 1 3 512
26959817 0 2 1 1 3 513
26959817 0 2 1 1 3 514
26959817 0 2 1 1 3 515
26959817 0 2 1 1 3 516
26959817 0 2 1 1 3 517
26959817 0 2 1 1 3 518
26959817 0 2 1 1 3 519
26959817 0 2 1 1 3 520
26959817 0 2 1 1 3 521
26959817 0 2 1 1 3 522
26959817 0 2 1 1 3 523
26959817 0 2 1 1 3 524
26959817 0 2 1 1 3 525
26959817 0 2 1 1 3 526
26959817 0 2 1 1 3 527
26959817 0 2 1 1 3 528
26959817 0 2 1 1 3 529
26959817 0 2 1 1 3 530
26959817 0 2 1 1 3 531
26959817 0 2 1 1 3 532
26959817 0 2 1 1 3 533
26959817 0 2 1 1 3 534
26959817 0 2 1 1 3 535
26959817 0 2 1 1 3 536
26959817 0 2 1 1 3 537
26959817 0 2 1 1 3 538
26959817 0 2 1 1 3 539
26959817 0 2 1 1 3 540
26959817 0 2 1 1 3 541
26959817 0 2 1 1 3 542
26959817 0 2 1 1 3 543
26959817 0 2 1 1 3 544
26959817 0 2 1 1 3 545
26959817 0 2 1 1 3 546
26959817 0 2 1 1 3 547
26959817 0 2 1 1 3 548
26959817 0 2 1 1 3 549
26959817 0 2 1 1 3 550
26959817 0 2 1 1 3 551
26959817 0 2 1 1 3 552
26959817 0 2 1 1 3 553
26959817 0 2 1 1 3 554
26959817 0 2 1 1 3 555
26959817 0 2 1 1 3 556
26959817 0 2 1 1 3 557
26959817 0 2 1 1 3 558
26959817 0 2 1 1 3 559
26959817 0 2 1 1 3 560
26959817 0 2 1 1 3 561
26959817 0 2 1 1 3 562
26959817 0 2 1 1 3 563
26959817 0 2 1 1 3 564
26959817 0 2 1 1 3 565
26959817 0 2 1 1 3 566
26959817 0 2 1 1 3 567
26959817 0 2 1 1 3 568
26959817 0 2 1 1 3 569
26959817 0 2 1 1 3 570
26959817 0 2 1 1 3 571
26959817 0 2 1 1 3 572
26959817 0 2 1 1 3 573
26959817 0 2 1 1 3 574
26959817 0 2 1 1 3 575
26959817 0 2 1 1 3 576
26959817 0 2 1 1 3 577
26959817 0 2 1 1 3 578
26959817 0 2 1 1 3 579
26959817 0 2 1 1 3 580
26959817 0 2 1 1 3 581
26959817 0 2 1 1 3 582
26959817 0 2 1 1 3 583
26959817 0 2 1 1 3 584
26959817 0 2 1 1 3 585
26959817 0 2 1 1 3 586
26959817 0 2 1 1 3 587
26959817 0 2 1 1 3 588
26959817 0 2 1 1 3 589
26959817 0 2 1 1 3 590
26959817 0 2 1 1 3 591
26959817 0 2 1 1 3 592
26959817 0 2 1 1 3 593
26959817 0 2 1 1 3 594
26959817 0 2 1 1 3 595
26959817 0 2 1 1 3 596
26959817 0 2 1 1 3 597
26959817 0 2 1 1 3 598
26959817 0 2 1 1 3 599
26959817 0 2 1 1 3 600
26959817 0 2 1 1 3 601
26959817 0 2 1 1 3 602
26959817 0 2 1 1 3 603
26959817 0 2 1 1 3 604
26959817 0 2 1 1 3 605
26959817 0 2 1 1 3 606
26959817 0 2 1 1 3 607
26959817 0 2 1 1 3 608
26959817 0 2 1 1 3 609
26959817 0 2 1 1 3 610
26959817 0 2 1 1 3 611
26959817 0 2 1 1 3 612
26959817 0 2 1 1 3 613
26959817 0 2 1 1 3 614
26959817 0 2 1 1 3 615
26959817 0 2 1 1 3 616
26959817 0 2 1 1 3 617
26959817 0 2 1 1 3 618
26959817 0 2 1 1 3 619
26959817 0 2 1 1 3 620
26959817 0 2 1 1 3 621
26959817 0 2 1 1 3 622
26959817 0 2 1 1 3 623
26959817 0 2 1 1 3 624
26959817 0 2 1 1 3 625
26959817 0 2 1 1 3 626
26959817 0 2 1 1 3 627
26959817 0 2 1 1 3 628
26959817 0 2 1 1 3 629
26959817 0 2 1 1 3 630
26959817 0 2 1 1 3 631
26959817 0 2 1 1 3 632
26959817 0 2 1 1 3 633
26959817 0 2 1 1 3 634
26959817 0 2 1 1 3 635
26959817 0 2 1 1 3 636
26959817 0 2 1 1 3 637
26959817 0 2 1 1 3 638
26959817 0 2 1 1 3 639
26959817 0 2 1 1 3 640
26959817 0 2 1 1 3 641
26959817 0 2 1 1 3 642
26959817 0 2 1 1 3 643
26959817 0 2 1 1 3 644
26959817 0 2 1 1 3 645
26959817 0 2 1 1 3 646
26959817 0 2 1 1 3 647
26959817 0 2 1 1 3 648
26959817 0 2 1 1 3 649
26959817 0 2 1 1 3 650
26959817 0 2 1 1 3 651
26959817 0 2 1 1 3 652
26959817 0 2 1 1 3 653
26959817 0 2 1 1 3 654
26959817 0 2 1 1 3 655
26959817 0 2 1 1 3 656
26959817 0 2 1 1 3 657
26959817 0 2 1 1 3 658
26959817 0 2 1 1 3 659
26959817 0 2 1 1 3 660
26959817 0 2 1 1 3 661
26959817 0 2 1 1 3 662
26959817 0 2 1 1 3 663
26959817 0 2 1 1 3 664
26959817 0 2 1 1 3 665
26959817 0 2 1 1 3 666
26959817 0 2 1 1 3 667
26959817 0 2 1 1 3 668
26959817 0 2 1 1 3 669
26959817 0 2 1 1 3 670
26959817 0 2 1 1 3 671
26959817 0 2 1 1 3 672
26959817 0 2 1 1 3 673
26959817 0 2 1 1 3 674
26959817 0 2 1 1 3 675
26959817 0 2 1 1 3 676
26959817 0 2 1 1 3 677
26959817 0 2 1 1 3 678
26959817 0 2 1 1 3 679
26959817 0 2 1 1 3 680
26959817 0 2 1 1 3 681
26959817 0 2 1 1 3 682
26959817 0 2 1 1 3 683
26959817 0 2 1 1 3 684
26959817 0 2 1 1 3 685
26959817 0 2 1 1 3 686
26959817 0 2 1 1 3 687
26959817 0 2 1 1 3 688
26959817 0 2 1 1 3 689
26959817 0 2 1 1 3 690
26959817 0 2 1 1 3 691
26959817 0 2 1 1 3 692
26959817 0 2 1 1 3 693
26959817 0 2 1 1 3 694
26959817 0 2 1 1 3 695
26959817 0 2 1 1 3 696
26959817 0 2 1 1 3 697
26959817 0 2 1 1 3 698
26959817 0 2 1 1 3 699
26959817 0 2 1 1 3 700
26959817 0 2 1 1 3 701
26959817 0 2 1 1 3 702
26959817 0 2 1 1 3 703
26959817 0 2 1 1 3 704
26959817 0 2 1 1 3 705
26959817 0 2 1 1 3 706
26959817 0 2 1 1 3 707
26959817 0 2 1 1 3 708
26959817 0 2 1 1 3 709
26959817 0 2 1 1 3 710
26959817 0 2 1 1 3 711
26959817 0 2 1 1 3 712
26959817 0 2 1 1 3 713
26959817 0 2 1 1 3 714
26959817 0 2 1 1 3 715
26959817 0 2 1 1 3 716
26959817 0 2 1 1 3 717
26959817 0 2 1 1 3 718
26959817 0 2 1 1 3 719
26959817 0 2 1 1 3 720
26959817 0 2 1 1 3 721
26959817 0 2 1 1 3 722
26959817 0 2 1 1 3 723
26959817 0 2 1 1 3 724
26959817 0 2 1 1 3 725
26959817 0 2 1 1 3 726
26959817 0 2 1 1 3 727
26959817 0 2 1 1 3 728
26959817 0 2 1 1 3 729
26959817 0 2 1 1 3 730
26959817 0 2 1 1 3 731
26959817 0 2 1 1 3 732
26959817 0 2 1 1 3 733
26959817 0 2 1 1 3 734
26959817 0 2 1 1 3 735
26959817 0 2 1 1 3 736
26959817 0 2 1 1 3 737
26959817 0 2 1 1 3 738
26959817 0 2 1 1 3 739
26959817 0 2 1 1 3 740
26959817 0 2 1 1 3 741
26959817 0 2 1 1 3 742
26959817 0 2 1 1 3 743
26959817 0 2 1 1 3 744
26959817 0 2 1 1 3 745
26959817 0 2 1 1 3 746
26959817 0 2 1 1 3 747
26959817 0 2 1 1 3 748
26959817 0 2 1 1 3 749
26959817 0 2 1 1 3 750
26959817 0 2 1 1 3 751
26959817 0 2 1 1 3 752
26959817 0 2 1 1 3 753
26959817 0 2 1 1 3 754
26959817 0 2 1 1 3 755
26959817 0 2 1 1 3 756
26959817 0 2 1 1 3 757
26959817 0 2 1 1 3 758
26959817 0 2 1 1 3 759
26959817 0 2 1 1 3 760
26959817 0 2 1 1 3 761
26959817 0 2 1 1 3 762
26959817 0 2 1 1 3 763
26959817 0 2 1 1 3 764
26959817 0 2 1 1 3 765
26959817 0 2 1 1 3 766
26959817 0 2 1 1 3 767
26959817 0 2 1 1 3 768
26959817 0 2 1 1 3 769
26959817 0 2 1 1 3 770
26959817 0 2 1 1 3 771
26959817 0 2 1 1 3 772
26959817 0 2 1 1 3 773
26959817 0 2 1 1 3 774
26959817 0 2 1 1 3 775
26959817 0 2 1 1 3 776
26959817 0 2 1 1 3 777
26959817 0 2 1 1 3 778
26959817 0 2 1 1 3 779
26959817 0 2 1 1 3 780
26959817 0 2 1 1 3 781
26959817 0 2 1 1 3 782
26959817 0 2 1 1 3 783
26959817 0 2 1 1 3 784
26959817 0 2 1 1 3 785
26959817 0 2 1 1 3 786
26959817 0 2 1 1 3 787
26959817 0 2 1 1 3 788
26959817 0 2 1 1 3 789
26959817 0 2 1 1 3 790
26959817 0 2 1 1 3 791
26959817 0 2 1 1 3 792
26959817 0 2 1 1 3 793
26959817 0 2 1 1 3 794
26959817 0 2 1 1 3 795
26959817 0 2 1 1 3 796
26959817 0 2 1 1 3 797
26959817 0 2 1 1 3 798
26959817 0 2 1 1 3 799
26959817 0 2 1 1 3 800
26959817 0 2 1 1 3 801
26959817 0 2 1 1 3 802
26959817 0 2 1 1 3 803
26959817 0 2 1 1 3 804
26959817 0 2 1 1 3 805
26959817 0 2 1 1 3 806
26959817 0 2 1 1 3 807
26959817 0 2 1 1 3 808
26959817 0 2 1 1 3 809
26959817 0 2 1 1 3 810
26959817 0 2 1 1 3 811
26959817 0 2 1 1 3 812
26959817 0 2 1 1 3 813
26959817 0 2 1 1 3 814
26959817 0 2 1 1 3 815
26959817 0 2 1 1 3 816
26959817 0 2 1 1 3 817
26959817 0 2 1 1 3 818
26959817 0 2 1 1 3 819
26959817 0 2 1 1 3 820
26959817 0 2 1 1 3 821
26959817 0 2 1 1 3 822
26959817 0 2 1 1 3 823
26959817 0 2 1 1 3 824
26959817 0 2 1 1 3 825
26959817 0 2 1 1 3 826
26959817 0 2 1 1 3 827
26959817 0 2 1 1 3 828
26959817 0 2 1 1 3 829
26959817 0 2 1 1 3 830
26959817 0 2 1 1 3 831
26959817 0 2 1 1 3 832
26959817 0 2 1 1 3 833
26959817 0 2 1 1 3 834
26959817 0 2 1 1 3 835
26959817 0 2 1 1 3 836
26959817 0 2 1 1 3 837
26959817 0 2 1 1 3 838
26959817 0 2 1 1 3 839
26959817 0 2 1 1 3 840
26959817 0 2 1 1 3 841
26959817 0 2 1 1 3 842
26959817 0 2 1 1 3 843
26959817 0 2 1 1 3 844
26959817 0 2 1 1 3 845
26959817 0 2 1 1 3 846
26959817 0 2 1 1 3 847
26959817 0 2 1 1 3 848
26959817 0 2 1 1 3 849
26959817 0 2 1 1 3 850
26959817 0 2 1 1 3 851
26959817 0 2 1 1 3 852
26959817 0 2 1 1 3 853
26959817 0 2 1 1 3 854
26959817 0 2 1 1 3 855
26959817 0 2 1 1 3 856
26959817 0 2 1 1 3 857
26959817 0 2 1 1 3 858
26959817 0 2 1 1 3 859
26959817 0 2 1 1 3 860
26959817 0 2 1 1 3 861
26959817 0 2 1 1 3 862
26959817 0 2 1 1 3 863
26959817 0 2 1 1 3 864
26959817 0 2 1 1 3 865
26959817 0 2 1 1 3 866
26959817 0 2 1 1 3 867
26959817 0 2 1 1 3 868
26959817 0 2 1 1 3 869
26959817 0 2 1 1 3 870
26959817 0 2 1 1 3 871
26959817 0 2 1 1 3 872
26959817 0 2 1 1 3 873
26959817 0 2 1 1 3 874
26959817 0 2 1 1 3 875
26959817 0 2 1 1 3 876
26959817 0 2 1 1 3 877
26959817 0 2 1 1 3 878
26959817 0 2 1 1 3 879
26959817 0 2 1 1 3 880
26959817 0 2 1 1 3 881
26959817 0 2 1 1 3 882
26959817 0 2 1 1 3 883
26959817 0 2 1 1 3 884
26959817 0 2 1 1 3 885
26959817 0 2 1 1 3 886
26959817 0 2 1 1 3 887
26959817 0 2 1 1 3 888
26959817 0 2 1 1 3 889
26959817 0 2 1 1 3 890
26959817 0 2 1 1 3 891
26959817 0 2 1 1 3 892
26959817 0 2 1 1 3 893
26959817 0 2 1 1 3 894
26959817 0 2 1 1 3 895
26959817 0 2 1 1 3 896
26959817 0 2 1 1 3 897
26959817 0 2 1 1 3 898
26959817 0 2 1 1 3 899
26959817 0 2 1 1 3 900
26959817 0 2 1 1 3 901
26959817 0 2 1 1 3 902
26959817 0 2 1 1 3 903
26959817 0 2 1 1 3 904
26959817 0 2 1 1 3 905
26959817 0 2 1 1 3 906
26959817 0 2 1 1 3 907
26959817 0 2 1 1 3 908
26959817 0 2 1 1 3 909
26959817 0 2 1 1 3 910
26959817 0 2 1 1 3 911
26959817 0 2 1 1 3 912
26959817 0 2 1 1 3 913
26959817 0 2 1 1 3 914
26959817 0 2 1 1 3 915
26959817 0 2 1 1 3 916
26959817 0 2 1 1 3 917
26959817 0 2 1 1 3 918
26959817 0 2 1 1 3 919
26959817 0 2 1 1 3 920
26959817 0 2 1 1 3 921
26959817 0 2 1 1 3 922
26959817 0 2 1 1 3 923
26959817 0 2 1 1 3 924
26959817 0 2 1 1 3 925
26959817 0 2 1 1 3 926
26959817 0 2 1 1 3 927
26959817 0 2 1 1 3 928
26959817 0 2 1 1 3 929
26959817 0 2 1 1 3 930
26959817 0 2 1 1 3 931
26959817 0 2 1 1 3 932
26959817 0 2 1 1 3 933
26959817 0 2 1 1 3 934
26959817 0 2 1 1 3 935
26959817 0 2 1 1 3 936
26959817 0 2 1 1 3 937
26959817 0 2 1 1 3 938
26959817 0 2 1 1 3 939
26959817 0 2 1 1 3 940
26959817 0 2 1 1 3 941
26959817 0 2 1 1 3 942
26959817 0 2 1 1 3 943
26959817 0 2 1 1 3 944
26959817 0 2 1 1 3 945
26959817 0 2 1 1 3 946
26959817 0 2 1 1 3 947
26959817 0 2 1 1 3 948
26959817 0 2 1 1 3 949
26959817 0 2 1 1 3 950
26959817 0 2 1 1 3 951
26959817 0 2 1 1 3 952
26959817 0 2 1 1 3 953
26959817 0 2 1 1 3 954
26959817 0 2 1 1 3 955
26959817 0 2 1 1 3 956
26959817 0 2 1 1 3 957
26959817 0 2 1 1 3 958
26959817 0 2 1 1 3 959
26959817 0 2 1 1 3 960
26959817 0 2 1 1 3 961
26959817 0 2 1 1 3 962
26959817 0 2 1 1 3 963
26959817 0 2 1 1 3 964
26959817 0 2 1 1 3 965
26959817 0 2 1 1 3 966
26959817 0 2 1 1 3 967
26959817 0 2 1 1 3 968
26959817 0 2 1 1 3 969
26959817 0 2 1 1 3 970
26959817 0 2 1 1 3 971
26959817 0 2 1 1 3 972
26959817 0 2 1 1 3 973
26959817 0 2 1 1 3 974
26959817 0 2 1 1 3 975
26959817 0 2 1 1 3 976
26959817 0 2 1 1 3 977
26959817 0 2 1 1 3 978
26959817 0 2 1 1 3 979
26959817 0 2 1 1 3 980
26959817 0 2 1 1 3 981
26959817 0 2 1 1 3 982
26959817 0 2 1 1 3 983
26959817 0 2 1 1 3 984
26959817 0 2 1 1 3 985
26959817 0 2 1 1 3 986
26959817 0 2 1 1 3 987
26959817 0 2 1 1 3 988
26959817 0 2 1 1 3 989
26959817 0 2 1 1 3 990
26959817 0 2 1 1 3 991
26959817 0 2 1 1 3 992
26959817 0 2 1 1 3 993
26959817 0 2 1 1 3 994
26959817 0 2 1 1 3 995
26959817 0 2 1 1 3 996
26959817 0 2 1 1 3 997
26959817 0 2 1 1 3 998
26959817 0 2 1 1 3 999
