500 10257
288 79
33 355
96 253
207 338
199 351
257 440
226 51
1 420
6 399
106 108
53 85
116 121
151 25
62 435
251 263
112 390
193 496
97 289
100 303
478 298
5 235
90 230
137 90
150 143
488 107
102 392
192 69
12 342
445 73
276 195
335 239
437 380
86 33
168 185
187 497
335 191
231 276
420 368
365 421
362 204
28 315
96 219
383 107
412 328
32 40
374 218
130 310
97 216
342 116
252 28
113 438
70 195
213 490
414 77
262 275
133 141
441 228
359 324
186 123
3 217
162 376
287 291
38 235
358 231
351 110
259 315
399 328
9 112
169 423
40 283
49 172
423 490
399 134
165 437
256 167
153 269
394 291
411 431
26 269
14 228
230 272
42 128
451 402
239 472
176 279
254 225
302 176
66 201
161 82
137 416
100 141
184 493
284 95
276 309
215 289
36 296
412 429
423 214
330 14
185 6
144 290
82 445
466 499
497 126
80 485
394 179
478 429
23 261
375 298
421 89
438 308
236 349
88 11
63 417
24 99
274 19
389 207
315 206
57 164
331 488
500 76
18 477
5 41
89 379
190 361
320 480
20 55
328 107
417 242
376 440
341 1
310 229
208 477
434 116
140 116
104 491
192 473
468 48
13 408
278 55
121 449
34 140
356 213
247 272
307 122
64 147
122 373
227 181
201 12
297 192
127 252
183 170
224 2
69 89
261 347
495 381
295 380
21 150
92 119
274 398
92 337
396 65
209 122
246 262
485 394
453 112
497 135
133 220
136 202
160 397
400 154
129 194
33 149
196 477
119 321
226 210
157 474
275 217
447 372
478 432
265 431
395 113
417 27
184 53
80 344
301 479
349 429
25 234
430 72
210 48
392 287
258 48
112 384
264 59
255 94
342 371
24 236
483 440
262 166
344 194
361 144
172 210
425 196
443 354
267 4
401 10
142 10
57 254
393 173
164 147
266 5
369 289
240 351
80 353
369 424
46 229
419 70
438 343
265 232
48 384
235 449
393 377
458 302
482 203
474 145
201 91
149 70
231 240
420 310
444 140
85 490
369 356
59 158
50 175
242 98
410 476
46 303
204 355
456 185
57 281
181 258
371 181
179 101
420 98
262 364
90 347
205 310
202 115
319 251
289 60
348 199
36 245
353 91
452 308
128 8
440 308
117 310
489 295
410 408
245 171
123 186
369 327
495 422
441 313
25 82
373 224
132 260
469 484
350 420
143 477
279 82
137 248
391 125
394 152
384 490
174 7
175 43
185 169
464 126
334 488
207 206
212 338
317 32
173 166
303 167
495 433
248 131
180 490
255 426
493 138
415 166
496 442
208 181
110 172
158 295
11 216
352 74
405 168
105 77
186 407
243 180
192 342
310 371
183 416
148 175
405 63
340 253
4 48
433 465
71 90
260 81
157 463
155 61
131 111
137 316
370 231
347 61
424 8
283 106
275 431
132 179
345 471
283 200
370 215
164 440
156 275
373 312
238 379
224 220
341 212
387 210
442 233
270 217
240 405
174 14
335 305
44 31
276 327
230 497
393 245
289 401
20 161
64 109
391 288
180 231
499 66
293 293
298 414
9 389
318 35
254 4
339 149
34 466
327 263
463 220
8 251
472 379
263 35
339 153
174 18
235 173
83 27
317 232
441 325
472 258
359 77
114 50
225 147
15 52
262 329
123 269
431 446
499 193
332 337
197 6
206 432
30 140
310 346
223 250
170 194
360 381
122 473
430 346
119 296
249 232
477 223
500 407
20 350
100 352
186 296
357 243
79 386
382 389
231 104
490 252
149 349
484 270
173 265
468 292
61 216
23 389
291 375
295 310
224 394
13 262
42 369
4 472
106 238
212 188
341 202
292 490
50 275
259 223
40 226
366 452
294 240
340 436
466 134
97 42
380 110
155 273
330 10
96 436
247 308
475 88
9 266
429 410
41 39
484 432
117 201
235 262
293 74
197 258
59 145
151 290
254 305
414 436
315 10
223 413
169 197
500 29
463 280
438 355
319 274
138 435
474 372
196 266
297 244
376 355
388 378
497 142
183 410
429 349
271 151
113 439
347 113
467 161
244 257
367 62
30 4
496 355
227 43
473 23
286 348
230 174
77 78
167 259
339 95
459 110
245 72
400 443
36 219
456 279
327 322
193 356
178 188
62 256
231 34
279 368
233 360
41 310
437 207
420 275
153 379
236 249
302 136
192 189
206 147
319 32
320 11
239 349
199 300
105 281
186 235
148 418
446 41
79 382
99 499
8 252
229 244
500 30
231 43
70 288
41 388
319 213
399 57
61 449
208 17
229 393
103 228
163 48
268 241
281 367
239 141
470 467
236 321
348 466
364 269
105 256
157 423
468 55
331 381
355 390
249 435
135 352
162 297
251 282
37 32
500 276
172 321
94 407
141 294
224 356
62 180
112 70
102 431
476 284
163 330
25 412
264 159
115 278
455 365
59 492
248 410
119 271
230 64
29 222
357 104
78 271
283 41
340 236
471 316
19 134
497 44
397 261
202 11
390 9
375 300
352 123
209 470
393 290
385 274
11 94
377 440
364 160
480 55
395 451
222 266
436 219
309 332
331 362
342 220
222 68
19 73
42 79
42 287
368 427
60 378
20 436
318 235
95 149
141 490
451 363
255 386
433 415
69 263
128 262
334 350
330 352
422 223
430 316
9 149
94 68
378 465
4 47
51 450
196 191
291 146
53 45
384 337
311 452
451 291
66 284
492 247
487 413
469 416
80 478
416 25
45 294
341 400
340 391
350 387
82 140
33 486
37 416
175 199
219 125
489 284
409 480
30 395
245 351
163 176
328 78
201 224
223 393
124 63
284 325
301 217
316 333
202 204
100 376
403 171
353 243
306 261
75 188
155 319
38 169
346 217
247 398
440 321
291 415
235 74
239 36
290 407
220 343
110 320
71 364
342 423
107 147
35 181
186 189
351 223
210 196
439 308
94 231
128 384
145 363
457 236
398 98
142 117
292 251
288 362
115 129
136 73
128 170
253 313
211 103
388 420
298 178
227 243
408 206
126 405
68 434
140 465
383 281
434 175
31 221
388 497
202 376
69 329
45 321
493 107
275 232
378 425
410 456
167 169
162 145
73 229
78 212
46 313
492 479
487 375
51 226
223 252
101 292
432 498
464 425
104 239
8 334
15 269
289 181
438 450
325 362
31 255
426 76
419 269
406 257
143 456
482 366
60 83
9 491
432 472
267 387
62 275
220 76
43 9
109 332
310 285
46 192
391 471
119 309
239 24
65 234
332 399
451 391
333 459
233 264
282 500
150 196
274 370
123 168
230 231
500 391
368 45
83 110
367 53
419 105
429 335
190 260
233 140
2 417
450 234
180 84
233 182
279 358
403 253
26 484
336 377
374 203
421 308
312 287
361 82
243 141
269 433
400 353
424 253
270 374
338 301
457 423
482 87
280 384
339 305
367 174
181 93
228 453
252 392
91 464
473 334
104 241
118 355
446 41
107 215
266 297
15 74
219 349
160 498
84 351
155 303
24 187
395 104
140 498
495 82
462 319
267 65
412 384
420 357
277 378
423 42
174 289
116 392
137 127
242 221
477 396
23 353
434 269
308 73
266 302
7 227
120 273
144 31
9 63
239 137
292 161
30 466
450 497
209 438
124 450
158 452
197 32
304 131
152 111
55 418
264 61
496 236
186 139
118 46
53 357
182 345
369 211
162 318
208 370
256 331
172 265
134 368
149 438
498 300
400 53
69 16
465 417
251 150
407 368
195 460
224 228
156 93
439 317
262 498
186 369
180 209
134 313
77 134
102 426
433 354
478 2
369 295
270 119
296 176
486 343
135 62
70 290
6 360
458 267
209 496
488 388
204 473
201 280
106 154
206 38
7 35
391 375
181 160
493 477
188 331
319 322
392 240
464 249
452 421
367 160
268 354
48 472
326 100
103 283
253 308
173 112
195 415
486 375
427 331
351 114
13 21
435 404
113 250
4 64
23 370
223 290
224 122
261 401
221 364
36 326
23 208
437 69
122 274
444 48
456 146
161 468
19 448
223 131
197 226
46 219
96 268
9 171
242 121
423 462
336 458
139 211
165 427
279 287
53 74
186 8
220 347
328 90
294 50
72 342
276 117
61 223
236 421
245 477
393 167
291 229
125 429
291 289
208 69
427 260
143 113
119 214
311 446
155 456
348 226
297 475
342 209
197 77
129 441
54 22
459 344
102 83
124 392
224 183
312 2
442 454
466 413
19 276
210 173
83 57
398 380
383 91
88 431
168 217
223 73
90 182
268 43
264 391
434 339
74 245
341 367
51 306
131 421
434 341
94 16
249 343
247 132
434 335
62 453
403 285
25 344
466 292
386 81
182 319
272 107
415 112
326 317
269 456
238 54
296 183
70 45
25 316
28 310
2 89
262 404
225 286
247 42
429 132
475 463
302 246
69 69
209 394
385 477
202 474
31 497
156 452
393 33
119 420
342 121
361 104
376 437
241 475
479 170
458 453
132 112
198 52
180 258
298 416
234 499
390 116
347 397
419 240
429 390
11 271
362 223
226 237
160 466
63 138
487 21
442 470
132 491
22 163
248 171
430 333
169 319
449 367
216 219
458 144
108 469
266 469
43 491
58 202
309 120
191 295
492 132
117 475
474 490
137 221
160 67
54 180
237 354
46 304
424 4
300 32
324 65
352 366
408 261
420 216
233 110
362 224
94 478
199 67
467 187
140 478
105 193
157 194
398 55
497 321
58 148
204 233
213 408
450 120
168 369
187 400
331 400
124 424
378 174
342 196
212 333
26 317
377 34
10 274
88 358
447 497
6 150
229 70
409 179
41 77
399 79
476 229
478 451
4 207
476 198
255 188
30 280
356 407
313 217
32 253
426 330
249 431
332 330
352 240
360 392
316 258
470 144
487 448
446 342
6 274
39 260
461 421
39 168
179 204
384 210
456 309
40 56
92 371
237 443
110 96
187 278
206 156
421 192
455 218
385 461
491 276
72 303
196 463
470 374
166 205
435 473
14 326
380 457
48 117
399 10
212 437
287 417
93 59
460 399
128 197
211 119
472 283
421 167
245 243
392 262
447 326
86 312
152 465
268 199
433 19
60 145
455 346
413 399
256 225
150 384
421 360
2 244
494 274
262 90
16 153
351 315
478 288
126 481
253 246
32 185
116 91
181 70
289 446
321 44
22 470
279 294
181 280
37 27
406 298
116 273
450 319
87 279
106 65
112 358
310 143
395 277
85 427
198 373
372 18
269 393
339 47
38 372
179 74
398 84
223 13
208 172
331 147
303 437
211 414
146 372
408 392
148 492
319 345
217 42
215 485
287 53
383 324
424 61
250 173
496 472
186 56
496 368
202 298
156 412
63 154
135 470
45 282
313 215
478 29
109 192
365 247
97 248
70 372
160 319
45 156
143 230
63 138
449 264
287 105
175 349
258 309
170 154
442 482
221 419
11 329
463 375
75 59
474 496
282 134
167 326
141 309
407 203
298 356
466 84
460 492
432 69
152 101
222 93
434 442
363 444
270 325
171 196
235 144
44 17
129 210
194 269
370 453
323 167
308 288
250 119
279 33
187 430
485 408
374 418
202 237
214 323
413 236
19 148
379 414
16 360
123 61
128 492
13 451
10 172
90 111
290 221
495 328
2 479
88 376
248 289
464 461
463 376
196 333
375 427
246 242
286 368
303 265
211 167
67 72
339 157
182 480
377 176
160 378
6 247
105 254
387 68
66 349
444 114
182 170
392 427
412 29
147 66
145 357
84 212
429 274
220 462
254 96
490 413
325 495
11 282
100 397
349 18
245 144
131 278
314 374
205 77
402 351
494 46
59 77
109 339
351 328
301 456
275 142
220 100
136 230
381 236
126 81
253 222
77 235
500 242
460 56
318 361
406 163
258 316
239 367
155 89
46 307
396 321
448 115
420 83
344 152
170 321
84 274
395 160
360 394
401 319
301 70
31 206
232 141
21 471
359 27
411 404
333 159
224 280
273 495
215 469
498 236
289 82
362 35
93 73
280 494
244 80
415 274
137 147
414 158
469 272
36 231
176 369
389 251
500 14
246 66
482 243
154 122
176 15
157 269
439 436
262 182
368 28
308 4
174 221
161 494
345 197
225 372
417 465
122 416
478 219
334 459
462 487
81 137
1 89
257 291
24 370
473 243
398 280
247 71
352 407
417 48
455 141
419 223
457 393
491 435
463 324
245 276
310 325
265 162
265 21
452 141
391 424
383 288
55 129
210 407
388 126
306 194
118 77
417 75
321 407
361 283
230 105
59 39
282 175
52 46
195 3
186 85
279 69
224 333
197 434
91 436
411 249
130 381
325 46
307 145
452 167
427 33
271 337
423 404
11 474
450 206
476 487
142 106
407 366
291 104
151 233
391 413
481 20
293 305
65 99
449 368
265 228
400 388
416 174
291 427
147 92
484 123
79 477
80 485
194 370
440 344
103 331
257 83
202 401
240 267
500 40
486 264
267 238
3 35
411 146
461 58
237 296
32 167
124 111
152 318
481 443
13 435
125 121
17 327
22 256
445 21
148 430
136 414
167 139
448 78
284 260
487 372
407 18
39 31
480 42
348 312
336 212
246 461
333 115
139 354
222 83
226 369
364 361
283 383
351 82
312 486
194 298
210 100
167 100
482 146
141 181
458 328
393 55
288 225
169 278
78 391
212 155
259 76
367 393
458 70
327 269
407 20
418 116
471 84
215 305
81 207
485 390
35 377
445 174
101 113
304 30
355 15
184 466
90 403
358 399
472 36
167 378
407 436
346 378
19 412
34 100
119 18
341 5
395 285
30 495
250 333
377 456
348 60
421 437
314 131
188 285
166 354
15 73
290 212
302 160
123 335
111 93
352 452
97 246
88 127
93 189
459 469
145 306
380 65
95 194
195 282
330 213
487 196
285 128
407 86
288 30
272 250
122 123
53 71
221 141
197 165
329 7
485 473
313 364
390 259
409 436
40 91
148 26
286 284
6 45
221 145
426 492
394 47
467 447
469 39
439 165
203 267
172 187
92 336
402 333
94 163
268 485
253 268
362 390
403 367
286 124
11 211
467 257
110 433
55 78
471 493
95 25
111 266
211 202
453 465
34 398
127 154
382 231
273 95
472 175
462 258
298 324
468 117
432 429
49 486
7 372
330 101
396 441
218 459
142 22
423 28
419 401
33 152
131 305
246 454
331 59
211 129
235 31
245 166
459 145
4 465
368 333
417 116
273 486
74 267
7 348
146 425
100 30
76 82
334 322
35 16
232 246
144 466
276 240
484 86
237 487
403 104
171 319
219 296
305 144
414 311
343 411
88 442
440 163
23 125
336 58
140 420
155 136
385 430
227 368
367 463
206 269
419 377
440 489
24 96
485 437
406 327
347 345
269 138
360 143
262 47
52 401
466 206
36 351
487 115
70 354
77 128
122 347
4 413
188 379
8 172
315 266
498 13
110 118
150 469
113 411
16 164
163 333
370 51
183 356
165 105
61 93
232 183
292 87
447 479
465 455
150 131
220 147
143 181
117 144
2 229
406 369
392 68
201 113
470 384
469 486
340 29
79 71
63 370
157 362
348 473
316 349
103 387
347 97
67 463
240 68
191 497
436 435
416 137
47 386
372 367
371 211
248 301
133 162
22 141
23 221
465 190
69 67
76 416
15 143
378 106
62 421
102 498
207 17
486 253
254 209
472 477
271 71
277 403
84 299
395 107
19 359
148 440
277 224
355 291
218 84
396 279
4 349
128 210
217 465
315 323
173 138
299 443
60 427
197 143
77 91
101 96
449 249
387 225
324 241
367 41
324 262
171 180
462 151
241 179
467 407
1 140
44 151
82 103
77 131
98 154
221 198
101 22
446 487
246 269
79 113
161 402
226 184
433 40
186 174
70 152
80 70
291 476
72 225
430 148
355 27
153 427
225 105
448 22
443 46
143 21
10 155
275 235
338 207
126 375
232 195
27 164
116 169
139 187
245 420
187 451
447 191
378 23
296 325
44 238
370 38
111 379
193 237
466 382
443 91
257 27
286 283
190 253
451 180
440 48
99 478
498 397
168 375
419 463
52 315
53 421
352 15
152 44
251 469
426 45
59 182
71 196
316 112
301 118
143 240
165 94
217 163
490 384
37 261
199 88
75 103
361 278
117 12
174 367
480 99
411 390
132 334
438 447
297 238
416 440
329 81
33 397
243 374
280 131
134 330
71 60
432 431
190 400
294 363
118 125
313 381
366 444
214 155
242 362
244 157
301 72
89 185
468 183
59 100
314 44
429 384
456 213
166 145
464 311
359 82
435 171
462 152
114 27
307 207
388 50
215 41
122 304
225 441
338 135
40 151
31 321
386 338
385 403
482 348
213 340
429 499
10 390
151 475
268 457
33 156
358 247
196 331
402 272
272 240
259 311
242 289
483 480
126 367
382 459
215 95
150 143
445 11
385 95
337 4
403 369
159 261
467 206
91 369
330 214
460 88
377 201
228 359
180 205
226 414
163 292
360 312
286 304
174 170
251 10
26 153
378 36
265 344
94 208
64 423
421 23
362 149
76 89
8 107
293 85
20 307
376 379
470 161
183 143
183 285
152 208
437 381
243 54
224 336
261 140
110 33
162 471
34 89
411 41
196 55
477 215
213 352
446 182
364 128
176 46
412 327
105 200
207 200
105 283
387 365
422 497
250 435
319 283
24 82
175 71
488 151
285 201
354 230
234 217
209 410
115 472
236 71
24 295
270 128
429 9
345 202
357 446
488 175
80 363
108 254
433 96
256 70
148 109
151 381
177 360
290 143
183 378
214 206
24 335
186 304
343 30
5 199
475 344
226 54
207 185
159 139
132 414
60 279
374 211
12 402
70 153
45 104
30 258
162 405
444 347
208 287
376 64
337 202
408 414
255 114
99 265
104 230
30 164
361 403
374 372
304 295
376 200
398 258
457 411
162 401
257 222
39 132
285 375
185 192
141 439
157 239
55 261
320 84
276 180
338 149
403 494
295 131
193 44
388 150
455 49
402 211
270 292
195 407
166 379
450 158
170 107
396 224
219 216
160 494
247 497
494 2
490 140
132 183
183 19
184 137
419 437
200 41
228 246
447 245
124 248
403 145
354 298
221 424
365 380
269 464
228 114
317 218
253 448
252 436
318 287
424 88
223 475
128 450
220 426
46 196
174 448
340 379
98 412
155 314
291 423
129 19
389 445
88 141
244 191
428 413
477 204
1 199
178 128
500 250
406 45
445 431
345 136
161 442
48 315
255 190
90 384
208 478
180 147
470 424
337 398
336 313
101 336
363 278
316 362
379 73
259 323
355 103
311 15
44 358
182 150
47 123
385 107
452 65
105 421
340 442
318 175
106 270
363 469
400 30
330 278
454 88
453 308
42 263
322 85
472 355
87 18
477 471
476 280
387 433
201 226
374 370
253 479
140 467
299 391
496 481
168 449
420 120
108 462
234 429
398 205
136 484
75 112
307 402
244 193
334 444
271 207
165 375
38 156
341 336
46 188
168 66
136 88
185 95
49 271
23 446
475 158
282 49
122 88
451 217
132 136
160 402
343 324
276 232
332 116
419 377
155 87
442 290
26 479
236 426
249 259
371 223
268 4
124 241
91 426
457 223
61 468
476 255
144 104
486 475
219 257
203 226
195 145
15 220
475 103
145 223
361 367
297 480
371 272
73 313
197 381
387 110
349 363
216 344
466 202
170 36
310 372
261 4
368 128
75 342
230 219
64 442
85 213
273 307
484 345
120 33
78 358
494 278
220 209
121 37
262 290
425 423
161 37
426 381
16 500
222 245
70 138
38 7
350 311
165 185
7 136
69 84
494 414
361 65
123 333
102 236
122 378
159 135
414 436
15 430
288 88
26 357
225 416
215 426
78 380
463 84
15 383
20 8
297 232
73 271
417 26
358 390
403 16
24 168
304 390
97 91
330 475
299 54
390 14
480 467
393 294
402 259
176 273
267 324
357 191
94 273
216 452
162 470
319 38
137 122
279 86
212 108
412 11
162 301
376 493
119 268
286 372
26 313
145 144
137 353
334 82
125 401
33 286
222 204
175 359
325 454
296 389
61 207
251 74
359 126
418 477
245 55
348 270
368 344
266 356
196 451
437 172
352 322
310 73
25 484
283 201
289 78
89 202
136 339
127 494
316 45
322 60
451 22
182 318
365 447
25 413
397 462
436 100
283 245
25 307
229 307
7 369
237 448
70 224
138 197
218 454
93 39
365 43
60 46
213 277
344 237
41 241
198 476
192 332
73 216
490 153
375 349
21 463
296 91
186 433
139 255
238 231
294 103
125 205
500 337
333 344
74 225
84 123
53 127
455 125
195 444
277 69
292 297
383 439
239 68
224 377
175 461
459 468
415 84
24 415
420 209
258 345
433 193
468 337
319 422
461 13
217 237
433 9
386 167
447 124
87 22
353 261
483 163
80 249
98 103
163 18
163 420
214 448
464 181
284 283
454 245
147 171
333 432
31 218
450 329
194 36
351 46
296 185
60 375
433 158
330 96
27 492
367 240
439 331
273 75
465 78
171 463
100 3
246 130
73 196
311 266
231 13
163 379
49 222
253 481
231 82
428 257
426 147
349 216
329 121
290 145
198 312
459 298
315 205
279 239
252 441
4 334
305 18
212 353
91 465
186 322
398 113
430 175
111 278
391 439
250 32
435 300
196 394
449 362
450 227
100 201
20 455
34 324
472 98
177 62
414 362
235 311
326 165
338 437
442 80
227 44
463 162
343 158
55 291
19 356
369 118
56 388
424 441
64 395
38 92
309 451
305 43
114 130
59 303
418 353
382 497
396 344
10 238
354 416
380 372
271 248
342 178
136 265
118 51
12 8
142 320
310 446
214 275
427 125
77 197
477 458
45 372
154 54
461 7
469 340
230 91
87 71
268 74
188 237
124 199
244 117
370 54
414 83
180 341
207 257
389 35
66 433
406 219
338 218
77 158
57 307
248 496
229 367
69 416
103 45
114 199
161 483
252 75
418 431
267 476
39 7
11 105
439 268
175 128
486 252
285 394
58 384
389 138
250 458
54 204
354 19
402 366
2 5
440 271
288 58
98 326
64 108
430 354
228 105
481 213
208 117
458 117
500 347
254 101
156 307
305 9
326 58
374 179
63 166
449 350
223 398
175 139
6 457
492 233
413 325
297 120
441 254
236 293
452 489
245 107
148 401
115 325
459 489
3 21
6 303
222 228
200 248
366 57
204 210
141 116
34 289
87 326
395 174
470 346
15 215
453 162
467 419
486 425
259 340
297 264
494 18
492 193
118 209
250 321
418 242
289 303
31 227
129 425
401 450
122 415
164 74
428 131
493 265
407 251
104 204
367 97
73 358
141 190
418 242
363 188
484 3
342 366
229 470
290 129
272 411
395 435
337 322
417 181
438 324
283 41
379 149
489 303
358 482
345 276
223 59
315 58
61 156
423 141
478 64
122 249
475 16
35 163
190 452
343 127
127 125
20 357
126 360
159 483
341 355
110 416
413 424
473 473
80 396
466 409
459 87
157 285
102 191
299 143
494 141
270 120
118 141
328 243
352 487
77 45
341 187
460 106
110 432
430 41
179 395
449 490
481 457
126 435
500 425
77 493
417 198
465 386
190 292
480 42
130 57
86 323
243 45
428 204
328 209
97 359
104 397
348 436
354 325
370 353
101 447
197 370
144 13
255 334
157 87
227 286
143 312
108 237
208 387
292 35
96 388
245 51
285 92
486 490
269 356
194 369
154 242
238 297
255 345
482 411
431 208
196 425
19 156
13 226
394 304
113 341
44 357
391 328
301 229
169 69
436 362
289 89
103 379
385 209
223 219
119 5
426 167
429 297
174 293
374 67
96 486
260 139
195 150
318 347
230 338
267 165
199 55
253 154
433 490
362 7
208 481
11 133
499 291
429 172
83 155
90 31
492 349
21 186
351 339
384 80
176 150
245 227
57 349
380 341
338 93
200 45
425 62
30 423
353 310
446 287
464 36
317 456
236 338
493 86
28 229
166 55
378 262
281 286
462 12
479 300
457 178
196 381
239 77
156 443
387 101
230 202
488 398
9 224
87 354
309 466
82 326
21 311
439 153
97 401
17 75
52 473
104 99
353 342
176 360
285 414
461 366
115 448
263 124
23 202
477 184
167 410
9 187
220 300
192 168
52 208
94 455
32 197
53 236
391 228
96 27
493 56
392 108
355 6
83 378
207 411
61 226
320 421
264 39
220 455
59 123
14 152
77 45
349 130
281 239
209 376
265 202
283 8
161 137
365 243
366 72
5 278
149 324
199 412
214 270
367 272
393 380
276 321
425 124
302 57
214 11
432 330
64 214
337 224
202 201
318 68
124 322
345 272
497 395
36 62
17 402
186 409
133 461
81 409
84 383
465 149
393 396
478 308
461 166
31 163
218 200
82 194
373 278
317 369
25 352
282 41
253 467
449 238
427 381
146 362
263 111
362 7
358 339
314 171
356 344
185 74
395 266
119 267
395 435
135 419
287 269
459 391
235 259
128 162
140 274
375 402
236 237
261 93
427 74
263 283
270 447
208 164
64 326
431 459
260 417
377 398
185 188
289 272
446 416
285 437
41 159
191 276
247 451
369 174
24 483
308 293
430 15
309 345
192 91
303 303
359 32
201 44
71 341
167 16
108 451
305 149
109 495
424 356
297 144
381 320
479 188
465 408
54 125
104 97
215 407
399 73
290 451
468 360
143 134
227 251
84 31
399 45
377 174
400 173
170 280
345 148
319 161
407 372
285 10
468 499
268 218
423 57
21 391
416 163
24 495
413 460
377 311
4 106
337 255
278 6
386 474
5 204
134 411
427 270
420 394
120 188
463 43
96 483
285 364
146 308
358 58
119 86
221 122
191 57
376 321
414 261
146 418
316 280
180 242
401 99
135 21
138 98
415 234
80 199
449 77
358 158
135 477
243 207
98 434
115 326
106 28
86 251
297 402
382 476
143 283
74 130
155 64
79 69
149 10
267 97
87 124
254 73
100 348
279 50
281 393
375 238
272 312
489 68
65 370
43 208
152 468
189 306
383 119
226 31
128 492
479 66
468 84
138 419
432 268
468 64
160 342
302 431
154 142
350 218
11 244
277 15
212 317
172 446
435 398
329 63
241 307
128 208
243 118
127 174
385 446
89 397
288 242
179 293
383 29
362 394
272 491
260 335
159 431
133 94
328 461
8 69
119 487
128 361
104 106
386 341
52 327
237 191
68 415
335 451
295 48
196 419
38 455
105 49
385 237
142 65
49 149
485 168
487 464
28 91
70 266
283 121
92 371
163 159
285 497
461 432
44 8
202 434
462 306
482 199
395 475
115 443
475 99
462 461
62 342
403 483
107 185
455 198
55 117
208 192
465 169
475 361
28 176
146 342
333 479
40 79
453 6
374 427
104 335
239 17
176 142
500 282
178 306
331 85
423 39
128 239
59 102
99 438
129 96
279 313
74 318
392 378
323 265
156 278
451 395
147 127
388 498
260 417
303 91
1 225
481 128
316 391
81 414
328 61
362 107
374 435
276 265
313 451
381 468
80 331
214 226
457 101
223 69
18 26
11 370
102 491
350 417
233 430
183 60
343 44
18 216
330 146
332 142
96 212
462 27
42 175
253 351
276 327
271 145
352 281
14 306
271 363
74 3
145 108
414 487
151 284
54 333
429 385
326 376
96 287
402 489
462 6
191 89
333 461
233 36
241 98
193 363
461 267
217 457
374 131
443 377
266 496
209 194
232 34
421 327
321 322
167 134
180 358
222 12
318 306
399 411
403 92
273 363
358 490
171 231
472 465
459 237
312 167
430 43
53 350
221 373
23 388
358 202
245 79
65 414
384 464
324 286
55 449
1 264
438 23
346 409
488 305
497 299
471 426
342 23
127 62
247 1
301 104
203 45
34 119
311 417
82 486
55 488
434 407
251 223
429 97
483 268
401 479
67 223
256 260
246 382
173 344
235 474
448 437
370 481
55 180
250 489
18 156
476 303
414 227
26 194
175 8
462 75
339 380
297 94
139 394
328 163
238 62
136 37
350 6
369 256
37 118
244 406
125 72
209 38
150 86
232 324
445 45
250 283
424 398
377 414
144 56
76 381
117 212
269 318
69 137
73 457
255 169
363 231
92 423
121 241
8 204
416 452
248 17
87 171
414 315
84 409
370 159
289 338
222 57
155 290
194 79
99 300
99 461
382 42
235 2
282 242
205 49
45 452
65 131
474 331
445 409
91 314
68 380
3 141
288 9
283 333
440 381
484 38
193 366
80 427
219 213
20 424
114 64
375 30
195 201
212 491
109 303
157 28
34 159
169 173
168 451
6 107
331 341
496 375
58 427
153 277
492 172
200 105
235 426
486 281
126 198
272 87
352 280
114 385
438 282
57 457
84 414
415 266
255 263
140 312
189 292
88 32
463 139
488 50
65 474
182 42
23 305
128 374
84 242
258 22
375 314
330 459
228 245
224 334
7 216
145 47
7 85
79 322
223 418
371 139
391 52
181 413
357 160
138 292
253 395
165 480
61 495
438 140
239 13
473 97
228 117
143 235
53 73
56 276
491 278
414 233
181 446
498 389
458 135
181 62
30 345
41 442
191 478
81 429
491 53
25 70
21 20
304 74
444 211
349 434
340 114
19 373
412 16
261 221
150 293
282 31
490 323
472 180
152 52
461 494
104 337
64 125
356 219
50 300
282 398
85 121
363 103
493 126
118 106
346 120
250 480
150 239
302 122
271 305
25 231
299 129
67 214
105 423
432 154
74 213
403 10
186 117
113 30
243 82
487 440
53 237
419 203
327 72
176 97
377 200
327 27
180 246
240 136
20 23
289 445
88 43
454 273
160 418
154 254
352 141
193 404
229 464
458 55
35 133
4 263
185 182
289 216
427 380
352 298
403 140
242 490
35 196
114 194
465 267
299 316
259 491
220 487
306 29
394 341
162 249
103 198
430 244
413 209
123 264
6 377
256 100
366 290
295 479
335 259
98 485
427 356
475 498
195 133
26 88
473 39
188 427
236 117
22 1
177 497
264 35
373 371
134 239
12 280
69 198
390 18
182 316
374 9
313 68
141 339
7 113
377 194
391 465
162 413
465 191
409 80
225 133
451 210
371 462
341 292
160 230
309 341
398 34
349 210
453 341
400 459
453 129
4 196
93 18
460 409
208 220
488 284
352 290
493 223
104 333
366 263
414 174
455 311
208 156
373 12
496 272
471 301
252 326
348 344
195 307
104 402
26 92
37 377
381 381
451 484
65 316
98 479
342 405
141 401
412 13
412 259
137 234
59 388
412 406
232 106
64 335
8 89
278 44
318 11
277 268
494 341
436 444
319 129
200 460
29 111
324 292
369 460
26 280
348 437
37 431
42 101
265 401
41 395
297 358
405 73
478 250
413 265
45 84
393 244
395 273
354 218
64 223
30 441
2 377
229 390
307 123
490 423
375 383
169 171
92 73
95 421
175 360
185 219
443 429
463 189
201 316
258 117
390 287
409 243
15 490
133 173
112 474
448 486
356 116
9 300
189 103
220 215
462 405
433 256
333 247
296 386
415 54
354 304
192 114
399 59
103 383
231 214
356 178
52 64
146 60
363 186
162 82
400 124
338 332
231 23
431 27
260 345
432 113
148 475
226 398
33 329
280 116
394 136
145 445
51 290
4 265
475 166
198 226
141 36
410 223
58 340
101 317
184 32
281 183
359 6
81 243
186 360
358 80
347 355
376 397
496 380
13 323
397 211
48 389
246 457
463 155
148 64
323 331
95 455
14 453
312 94
48 498
305 405
429 152
111 304
400 459
35 413
281 283
123 180
23 220
489 486
226 136
49 400
467 143
354 332
448 165
277 495
14 81
251 442
232 214
98 484
172 484
396 304
267 370
483 141
441 471
126 18
107 174
417 425
169 122
108 468
286 384
462 152
316 64
445 400
129 42
383 300
378 130
455 496
351 438
136 291
260 262
308 218
435 76
494 455
197 101
422 334
336 235
485 152
151 430
51 279
323 433
431 52
62 385
47 412
174 183
54 434
296 213
3 82
140 497
37 336
97 310
21 433
45 6
436 195
287 486
325 461
418 255
13 331
492 59
94 165
93 499
450 240
211 453
174 350
301 210
37 249
371 57
33 415
414 468
461 52
453 286
13 222
40 25
404 31
435 497
48 380
495 497
471 57
301 144
406 101
205 294
350 76
351 234
490 116
202 451
168 154
236 180
228 127
56 131
10 342
128 57
73 474
405 44
31 206
39 288
158 244
82 359
319 284
93 160
399 294
462 66
299 197
97 26
176 4
157 185
198 136
93 122
109 497
165 491
54 56
279 212
299 212
70 469
495 14
128 393
307 90
311 106
138 259
483 313
263 139
349 312
274 441
433 235
438 450
225 491
5 355
54 303
66 476
271 60
489 398
305 296
339 115
253 477
373 87
141 487
226 490
298 351
282 231
437 219
180 14
62 184
368 467
338 286
442 460
197 431
357 1
78 48
467 182
24 192
268 164
178 345
5 328
48 287
58 484
357 89
497 270
124 217
237 461
2 178
272 198
460 480
51 37
27 17
218 50
208 338
66 238
182 70
65 229
208 474
213 65
414 61
334 37
277 422
349 130
100 120
180 411
99 230
448 478
98 17
27 158
354 444
395 36
366 311
264 73
136 328
137 49
241 323
437 17
244 137
499 343
108 178
106 58
259 53
35 208
421 414
365 275
357 111
162 222
421 277
295 408
457 283
456 197
105 244
65 349
232 63
43 339
92 148
397 202
52 283
410 473
196 274
99 405
385 260
126 157
36 272
65 492
55 372
40 11
468 105
359 199
167 254
390 111
253 138
312 305
420 221
277 468
347 375
372 83
486 349
91 373
473 155
365 27
379 404
389 198
360 248
248 379
353 137
489 105
274 152
409 46
225 37
13 71
263 236
5 248
436 95
121 408
102 337
434 480
92 175
29 452
422 276
330 126
413 170
230 38
321 491
83 45
27 447
467 142
34 471
389 470
66 361
377 167
197 163
498 141
337 378
92 110
153 421
235 65
442 316
455 262
306 37
159 185
336 477
326 369
448 66
338 365
427 215
383 475
229 232
115 65
109 206
174 113
478 260
30 419
75 484
33 233
372 191
417 59
19 94
428 466
159 117
182 437
183 416
412 411
499 378
475 459
436 148
72 265
407 101
184 334
436 68
66 307
110 334
366 128
427 145
446 437
261 479
374 444
247 137
354 245
14 329
204 301
328 127
66 87
227 101
420 162
168 337
320 129
170 37
256 96
181 53
32 442
32 257
237 278
393 90
374 259
270 77
411 98
203 476
36 281
428 307
294 447
143 466
75 164
2 183
259 183
235 142
476 118
399 212
395 143
153 269
253 423
197 164
372 252
491 407
384 419
65 178
365 207
143 292
370 496
474 480
178 60
473 5
178 223
216 424
218 221
44 470
143 241
485 366
344 328
124 227
98 188
404 314
246 398
105 467
394 430
446 423
490 270
428 19
493 495
442 210
215 486
31 209
78 16
74 421
195 197
499 292
384 403
457 481
152 62
447 397
343 392
320 184
162 99
202 6
93 496
215 160
333 245
368 410
112 294
182 306
490 180
449 226
434 406
206 438
319 153
334 161
396 5
345 409
103 398
414 196
393 128
207 225
373 74
486 336
367 167
494 209
199 294
434 484
199 491
421 369
143 255
30 391
259 226
299 214
123 213
409 16
340 467
240 64
40 226
252 259
244 245
319 442
38 252
426 89
94 198
457 89
452 338
479 63
63 277
276 38
489 36
53 181
2 144
244 393
221 495
3 465
91 321
258 129
424 35
69 18
233 25
106 36
215 436
450 277
212 225
314 201
112 218
381 465
362 476
210 434
323 212
398 413
385 8
393 308
42 313
177 126
338 134
14 52
69 463
180 281
40 346
333 151
63 65
468 276
40 177
210 214
240 459
479 124
318 371
284 360
184 460
337 373
446 350
276 14
313 307
146 352
152 330
354 67
394 173
194 286
349 255
351 89
66 329
212 383
52 347
94 235
307 431
459 104
280 86
469 444
392 115
147 396
296 353
314 190
25 7
327 374
114 177
314 179
6 25
413 57
224 7
143 30
289 453
485 68
38 453
364 281
419 10
176 215
362 341
256 387
200 82
112 313
110 425
343 467
301 107
375 24
113 369
405 401
173 389
321 62
342 184
343 112
45 370
326 259
211 433
497 410
366 108
74 476
32 268
294 184
374 169
208 339
389 464
239 62
353 411
123 46
446 465
157 343
187 335
101 249
267 97
10 133
204 83
460 87
350 253
122 75
273 329
413 162
293 4
223 497
414 197
394 212
14 402
54 200
236 6
448 355
102 457
487 157
391 298
95 92
50 216
166 175
397 79
336 41
82 410
37 347
458 282
410 471
183 463
22 419
320 469
125 421
277 111
429 19
260 23
110 309
91 276
335 487
206 22
27 139
283 415
485 241
196 395
211 230
209 233
148 29
53 272
301 182
234 82
200 493
104 310
154 46
437 340
384 142
362 262
280 144
176 116
384 223
362 447
453 71
31 452
451 83
76 251
116 161
184 316
6 288
477 11
185 413
350 69
406 63
330 37
207 358
152 442
432 366
388 236
288 270
40 238
353 115
340 468
127 24
135 484
163 111
494 347
375 196
267 132
258 97
168 316
306 172
258 237
389 497
473 176
119 12
413 471
478 104
290 456
127 277
440 141
387 285
488 114
332 106
245 90
54 265
257 359
288 366
448 176
215 272
351 333
135 115
155 112
218 444
419 345
72 210
485 459
495 324
424 326
282 20
267 335
284 24
46 423
389 493
450 455
264 300
287 398
414 441
361 484
237 131
328 308
341 164
118 335
340 41
12 121
413 279
307 48
154 352
471 394
196 420
349 311
72 135
60 485
76 420
468 164
403 147
471 243
163 441
77 354
481 440
326 393
218 132
441 371
336 263
117 31
182 465
194 105
99 253
90 26
25 409
189 427
408 12
169 422
452 97
127 284
36 452
29 106
435 321
328 270
83 444
153 116
408 198
221 359
450 162
384 326
422 425
252 181
288 272
454 239
368 80
374 256
383 402
361 318
74 188
439 8
132 443
476 391
140 48
249 90
209 485
267 482
409 19
15 196
290 320
286 10
400 159
265 282
413 477
451 486
164 390
494 147
332 469
390 472
16 138
413 76
474 179
409 382
49 275
429 191
95 66
200 346
225 316
127 489
292 78
474 307
319 319
454 150
139 343
473 6
332 237
433 306
268 194
39 316
468 320
6 414
385 57
259 109
372 238
97 15
167 423
322 485
241 127
486 232
321 459
237 152
47 170
309 314
215 348
130 182
167 487
448 51
396 58
12 267
295 460
134 313
382 455
297 475
81 135
206 401
445 294
404 491
315 213
305 29
412 286
63 430
272 10
332 19
67 343
138 214
155 271
26 36
225 175
362 157
309 419
409 253
65 312
243 379
376 399
260 287
184 174
68 308
35 400
326 453
94 463
166 248
85 44
136 309
218 349
317 378
268 225
482 332
389 76
62 264
475 173
403 10
346 470
317 380
221 495
333 315
309 350
62 394
393 49
54 462
398 371
339 165
447 320
348 335
396 261
451 222
434 205
231 279
174 400
11 247
394 343
61 54
192 474
447 437
23 1
398 420
223 237
436 21
408 135
208 155
395 158
376 180
362 459
311 387
358 321
133 103
15 45
156 58
19 103
494 393
455 392
312 29
128 99
49 387
233 256
42 127
265 269
159 478
227 469
365 84
141 349
186 155
246 342
212 116
296 206
8 250
449 319
278 428
417 178
314 1
434 207
479 50
476 137
28 202
457 392
138 97
92 323
103 337
16 167
304 311
372 311
412 320
129 41
247 397
71 412
249 4
119 228
53 94
364 80
147 173
323 284
269 267
459 372
455 326
38 259
489 261
69 400
432 50
293 30
298 363
293 47
218 411
274 122
356 489
54 3
161 376
138 282
494 448
5 449
274 394
59 262
154 479
13 437
28 157
318 178
19 110
224 88
21 349
210 228
189 263
230 350
490 220
483 484
167 487
284 440
380 194
53 385
172 418
173 52
74 490
229 93
451 452
180 323
152 241
51 340
3 132
41 345
351 23
180 370
361 315
161 240
8 214
476 179
131 148
230 204
489 458
148 440
261 180
114 412
420 164
104 423
296 144
119 498
19 298
367 379
112 380
119 119
93 446
149 75
94 231
130 434
40 278
225 301
457 339
64 228
2 167
2 149
163 120
499 181
417 365
59 28
244 29
498 188
475 147
114 420
377 244
205 416
21 430
68 329
268 132
56 269
150 58
270 164
177 268
196 446
484 107
473 80
135 471
267 461
469 381
232 345
124 437
112 496
366 180
176 133
163 231
253 164
140 22
180 169
289 375
114 273
481 438
352 468
408 470
428 228
202 12
72 325
448 36
172 165
67 347
297 229
430 401
244 69
423 423
89 63
298 202
187 130
140 38
97 399
360 377
127 61
388 50
238 335
437 409
351 3
108 499
83 37
399 327
457 173
249 46
236 398
247 422
28 238
312 476
137 171
352 115
83 239
16 320
425 453
229 275
307 188
273 390
224 24
216 180
196 316
225 283
66 324
57 445
61 220
420 49
242 272
15 324
362 31
144 287
335 224
413 141
411 38
30 486
61 97
165 108
413 242
391 478
65 299
274 125
18 193
26 259
464 40
434 326
422 429
464 256
152 376
249 414
413 130
251 325
227 416
433 491
157 175
320 73
325 93
49 342
285 74
452 101
114 237
278 35
166 241
143 169
116 243
435 381
372 185
205 98
100 489
440 108
15 259
32 339
203 81
32 340
154 483
440 267
72 217
154 237
309 296
405 276
390 339
156 261
24 213
211 475
53 150
435 68
261 466
406 463
46 438
302 52
272 93
170 195
161 323
431 469
470 188
245 359
378 252
120 253
316 182
228 369
331 14
436 443
331 193
258 229
482 411
280 106
4 449
300 16
124 83
485 93
270 81
452 147
332 423
400 148
104 479
368 286
344 155
81 174
347 338
402 181
100 33
138 103
334 437
119 457
371 455
49 140
35 352
139 218
126 390
365 81
368 84
219 63
238 299
236 437
488 490
117 87
374 254
42 207
42 12
163 413
466 64
404 352
267 42
69 245
283 286
325 150
369 395
212 107
45 300
43 384
141 11
471 14
116 364
221 157
375 235
421 192
150 177
43 417
70 463
161 353
248 337
2 117
84 66
223 128
217 117
12 357
127 334
370 242
49 442
250 423
177 171
466 326
347 360
94 268
322 254
120 70
443 474
38 26
39 112
5 255
228 16
111 354
201 332
95 249
274 344
23 450
366 488
127 64
199 221
332 21
326 451
442 268
424 331
145 314
442 150
420 169
165 382
22 218
214 468
466 487
163 489
436 381
328 414
296 27
134 479
399 460
282 192
79 57
22 224
371 463
373 142
131 389
24 4
106 237
323 424
223 337
412 10
217 239
423 13
117 57
491 15
368 272
206 446
329 79
169 51
41 393
192 23
282 215
378 239
303 200
162 25
37 425
386 105
16 309
117 132
217 460
499 436
83 56
381 263
135 402
165 27
294 209
402 427
423 279
166 78
479 179
102 367
104 340
471 119
500 440
102 216
251 452
3 333
8 383
448 494
284 112
20 430
320 421
356 95
52 21
172 30
200 125
248 155
464 218
273 463
9 226
30 259
178 32
444 37
267 391
30 402
354 401
331 26
174 187
120 225
59 143
106 258
119 353
264 83
422 388
397 431
114 279
189 143
162 132
179 280
374 208
182 80
108 12
105 281
198 76
357 257
70 462
366 188
314 130
122 236
17 19
18 482
149 206
124 162
190 302
442 415
9 123
494 469
486 98
101 184
25 458
292 94
419 9
282 85
490 403
320 359
273 337
340 273
394 464
435 435
117 376
350 478
350 195
446 335
145 398
370 169
355 161
115 126
22 396
210 11
150 381
369 275
69 61
47 462
376 481
249 492
208 450
469 57
144 414
392 140
312 261
309 18
274 423
143 295
170 204
157 171
84 378
445 152
290 344
466 165
324 66
156 384
15 125
440 10
390 183
150 53
296 458
423 69
232 65
215 253
121 223
423 204
452 368
208 241
211 173
405 386
238 413
121 104
37 413
113 278
95 262
183 390
71 105
310 302
21 24
54 141
99 329
345 50
196 52
291 258
76 195
495 165
107 468
268 495
380 232
125 474
494 307
216 64
411 25
218 283
401 123
424 499
451 120
48 498
23 338
107 450
385 454
114 343
421 233
338 300
464 314
125 309
120 340
373 382
217 442
164 117
64 439
467 367
58 14
216 80
204 323
381 440
276 494
282 196
78 471
347 42
284 471
350 255
163 74
488 379
15 152
347 431
442 165
149 500
30 364
431 233
186 312
24 313
157 158
360 235
128 58
276 264
29 477
370 43
51 358
421 417
361 119
347 302
283 347
153 312
211 436
397 248
247 272
61 255
429 272
489 409
330 116
24 210
93 393
252 495
102 24
411 314
142 110
468 276
456 120
87 166
55 335
266 153
107 178
408 35
449 248
295 130
364 318
339 308
211 442
302 164
465 64
478 106
25 445
381 481
416 320
498 323
6 263
475 464
440 234
499 241
334 145
370 49
463 61
356 25
2 9
188 467
424 17
424 449
313 157
281 229
328 278
51 333
393 377
297 184
111 147
424 444
291 146
344 105
206 199
129 59
59 169
25 482
185 301
282 498
457 62
226 284
192 276
468 84
152 116
119 114
114 395
409 257
40 252
361 97
302 490
155 360
158 32
194 342
332 475
191 140
389 416
423 80
43 242
15 47
358 133
12 471
27 273
227 66
24 440
14 178
429 169
389 438
52 82
131 383
409 322
22 297
89 296
228 484
389 242
382 246
374 393
69 401
165 147
318 41
86 184
70 366
352 458
155 255
40 286
137 300
459 10
448 399
157 175
234 45
416 115
143 289
360 63
41 376
209 211
416 147
394 485
364 97
295 19
351 186
156 339
485 466
200 432
216 208
106 450
252 373
64 246
161 423
308 54
299 369
116 66
15 361
403 230
457 197
248 159
382 255
349 366
72 48
149 288
107 106
237 210
478 300
456 490
75 263
43 373
483 10
290 497
370 192
227 178
240 326
336 121
433 184
338 4
83 338
291 189
443 379
399 420
179 206
410 105
468 304
329 303
314 118
299 183
162 377
361 401
55 48
22 339
84 211
342 166
49 485
207 491
215 105
263 393
310 172
349 129
327 177
431 140
295 82
175 456
310 387
356 216
434 229
54 17
292 248
35 340
84 241
182 298
197 444
43 358
467 391
338 294
420 121
285 214
202 311
21 363
197 228
431 483
457 336
351 100
435 237
439 18
477 472
168 25
416 62
382 234
304 72
379 223
192 164
436 245
474 308
107 23
36 389
357 344
225 207
443 159
296 233
29 272
204 196
149 471
109 382
205 412
453 83
135 144
98 422
388 424
82 347
446 117
235 302
460 311
360 254
470 155
486 350
279 41
397 279
12 5
160 216
416 113
150 402
256 248
176 496
171 257
342 468
225 428
121 36
239 480
289 60
487 126
409 117
166 305
395 177
161 54
244 428
18 394
330 126
493 357
121 163
465 462
130 189
241 250
224 479
81 364
390 419
489 150
35 6
454 281
35 466
187 278
394 204
23 75
329 15
283 301
29 247
114 158
435 355
259 10
185 192
373 75
110 213
76 497
218 382
129 252
347 315
382 240
371 404
166 51
271 448
352 299
194 465
309 480
171 67
489 356
110 213
282 220
425 209
68 495
90 196
246 437
363 127
28 85
383 194
135 153
141 338
451 187
155 259
166 325
178 155
32 287
367 165
358 292
374 277
286 315
473 383
251 187
362 279
271 244
472 257
248 464
447 198
150 101
309 316
277 338
322 161
124 188
177 334
331 402
110 468
217 434
203 467
472 64
97 94
159 420
351 406
384 297
103 385
249 263
200 25
100 21
185 76
61 214
261 391
115 222
211 331
156 413
150 479
476 246
73 134
166 423
391 401
71 345
285 319
108 337
343 59
357 380
134 269
445 246
160 59
468 222
242 475
134 243
453 109
340 25
94 357
299 484
257 369
328 394
39 287
230 234
346 438
113 331
207 409
77 366
467 44
439 60
18 72
302 322
32 494
347 477
350 497
460 107
218 139
352 256
278 81
489 123
18 453
305 224
361 381
441 180
276 379
239 293
450 393
115 333
386 313
309 235
161 120
193 378
111 44
134 388
124 122
10 494
427 314
217 287
47 10
466 322
388 57
467 190
449 433
374 186
97 183
420 257
302 465
135 412
8 268
151 484
241 160
329 167
326 45
306 224
406 271
45 146
179 363
187 479
295 60
164 391
94 436
148 248
400 282
159 259
401 162
94 493
173 422
160 498
319 317
73 224
439 470
369 118
332 407
96 479
467 260
369 60
195 368
307 446
1 318
204 253
479 298
246 151
219 257
1 389
73 73
113 11
394 333
480 226
240 76
56 58
187 424
117 233
144 276
178 496
445 381
249 423
30 494
425 249
250 277
489 174
202 101
36 95
286 16
172 25
91 227
434 129
3 402
361 146
177 38
493 473
418 241
247 448
86 172
48 187
300 388
360 1
489 396
96 126
411 119
2 353
346 435
481 200
336 341
345 365
378 189
337 147
430 84
446 15
107 345
202 406
233 413
259 73
160 354
198 70
324 199
274 169
485 254
368 320
446 64
36 175
253 225
322 34
308 119
48 266
316 101
23 48
366 281
472 25
486 21
447 310
71 220
478 55
326 198
226 271
113 262
298 217
486 119
250 145
89 150
410 404
102 284
303 467
65 274
492 50
146 290
359 216
9 189
270 186
238 496
457 350
109 254
67 94
224 316
90 164
317 351
420 419
134 222
385 198
348 228
100 493
17 310
209 378
498 330
63 235
325 371
437 433
476 355
378 51
22 467
215 339
317 134
257 451
207 493
500 406
73 99
399 441
409 459
318 258
288 381
345 465
103 281
249 79
487 479
129 8
445 195
346 114
180 454
416 387
447 415
292 371
366 42
311 126
352 129
383 492
361 227
308 463
359 56
393 345
34 22
205 331
68 50
444 248
4 211
486 302
125 129
172 342
171 334
467 374
462 350
365 322
428 172
137 139
80 29
335 465
402 39
295 470
89 90
69 444
152 406
97 277
34 120
118 56
453 85
430 267
286 294
440 65
318 76
203 397
457 390
213 358
428 360
179 368
449 99
163 453
4 259
229 390
230 198
445 183
134 374
449 271
20 388
336 337
316 390
85 272
279 297
481 207
156 160
426 457
110 89
409 114
199 489
355 429
186 299
111 172
173 411
442 44
298 277
380 465
19 316
236 297
112 217
355 120
228 281
76 337
221 336
302 419
324 156
199 361
455 161
32 479
71 474
374 221
102 105
37 120
420 273
269 383
489 475
2 68
255 429
256 327
264 58
98 87
65 148
448 371
309 331
201 231
304 74
303 258
178 340
229 449
112 349
332 452
324 185
371 430
114 126
257 377
183 206
316 100
353 115
470 161
445 23
244 101
96 46
358 126
237 438
74 200
287 405
3 110
90 373
39 55
499 147
431 33
352 98
132 205
212 454
365 157
476 108
257 423
6 466
48 242
403 122
442 189
378 296
150 467
169 189
21 167
335 304
51 187
401 183
391 465
488 107
121 315
67 377
237 424
194 285
165 96
258 458
137 135
254 286
454 274
474 326
440 309
129 342
347 382
24 89
346 363
195 318
177 113
46 414
36 239
50 53
334 307
10 470
441 115
256 394
388 81
72 179
241 200
21 87
433 396
175 130
259 222
447 287
334 492
200 222
230 101
274 64
407 135
385 200
250 140
445 489
73 16
168 313
68 40
400 500
287 426
130 45
499 76
332 185
68 383
406 149
484 179
212 242
313 449
441 414
440 386
403 12
401 422
325 468
313 76
320 99
1 449
496 352
376 179
36 443
61 441
92 396
471 155
138 283
455 430
49 395
315 303
406 68
224 230
35 388
305 206
486 158
154 333
9 30
11 44
324 424
336 267
319 306
274 308
440 228
90 488
122 404
290 380
323 365
109 210
252 266
415 90
275 69
422 283
450 433
178 125
356 13
392 26
170 165
186 109
244 275
449 218
30 90
97 353
455 205
414 58
322 328
147 96
248 421
230 197
205 259
322 412
123 65
437 292
229 474
253 324
100 53
41 482
142 137
186 96
194 99
154 367
426 152
315 174
424 44
222 128
155 43
39 277
107 328
421 187
153 25
363 253
77 403
234 218
40 419
166 85
369 171
451 294
174 265
319 98
161 41
225 167
83 264
295 42
443 215
80 95
91 442
347 19
345 432
237 236
202 254
320 70
424 122
364 97
239 182
46 399
74 271
65 157
386 359
50 328
426 129
422 368
423 121
387 267
52 475
354 254
228 25
175 3
146 390
451 236
72 497
134 497
267 50
153 4
261 54
331 38
35 104
405 457
224 143
75 276
117 428
381 196
304 407
198 301
297 149
37 220
145 22
216 263
72 221
266 184
274 448
221 308
51 477
264 127
472 190
254 88
117 486
284 272
392 333
73 188
333 109
407 329
130 123
91 53
195 208
236 468
7 308
128 410
285 243
36 256
433 289
195 49
274 330
321 165
15 245
205 347
353 111
176 482
85 118
35 279
178 122
99 36
430 226
445 66
468 480
173 400
120 219
301 393
49 473
410 63
217 114
261 421
76 436
254 13
406 288
143 83
262 241
118 191
318 63
108 138
394 280
389 14
498 189
258 398
13 167
312 81
132 73
1 208
8 107
220 413
246 362
347 7
455 317
49 124
231 156
261 124
287 150
489 285
190 99
34 55
265 346
135 397
418 488
456 425
94 175
190 339
388 388
198 194
204 246
318 286
402 78
262 188
79 250
324 269
348 358
323 465
203 309
213 472
148 168
396 93
194 437
284 433
177 481
127 232
226 444
18 479
373 279
19 452
380 194
72 80
51 394
396 105
54 108
76 202
275 324
146 320
112 429
252 288
409 230
20 487
25 389
317 398
167 187
201 398
381 272
477 283
17 372
388 70
331 315
123 457
490 269
276 102
197 380
241 458
109 112
296 134
500 112
383 18
299 83
268 31
206 96
313 222
468 200
143 150
367 118
107 356
238 234
309 434
113 50
243 74
13 390
207 365
2 441
234 152
375 1
182 80
97 346
153 416
398 147
65 264
264 171
471 1
405 280
287 369
181 381
442 45
271 500
409 124
440 143
127 166
143 160
245 239
5 249
6 402
248 71
17 363
241 488
364 497
119 2
366 299
234 159
343 356
159 104
479 98
246 457
116 240
116 212
331 473
461 336
226 208
406 243
422 499
230 285
347 348
138 212
498 224
371 192
79 381
295 58
330 392
366 445
132 482
157 314
306 469
149 31
28 407
273 449
405 354
86 251
201 223
315 198
446 37
242 377
417 36
286 246
428 151
43 411
484 199
224 289
167 372
320 194
130 444
142 386
298 227
489 350
302 303
400 99
191 141
475 459
176 260
56 455
411 98
365 246
296 440
35 314
164 206
7 293
149 1
179 298
227 167
148 28
321 47
479 363
187 453
321 214
65 376
169 327
326 385
72 121
325 106
287 340
163 293
132 312
293 162
461 372
328 108
251 500
154 229
362 192
34 182
406 98
410 426
424 235
162 495
207 338
453 493
177 115
138 161
278 282
322 239
153 150
346 256
1 352
484 363
395 369
44 300
466 305
77 241
39 91
88 246
428 40
90 457
6 227
117 136
361 438
374 13
439 71
120 440
422 104
302 317
472 197
468 290
2 397
382 392
487 469
489 266
360 79
222 218
157 338
353 17
128 226
382 66
296 1
5 70
456 158
238 280
355 57
69 208
305 302
99 143
271 88
409 482
18 130
199 26
320 51
43 447
128 276
12 276
276 369
345 232
378 434
11 84
342 431
291 147
84 242
289 354
181 49
336 198
31 386
75 350
437 117
296 64
392 159
339 20
379 35
103 257
320 465
340 162
247 483
160 330
76 300
184 256
349 371
305 231
256 379
80 44
348 227
460 91
237 150
110 116
37 64
224 356
28 415
369 274
249 28
104 324
180 139
79 380
361 235
110 468
466 189
12 313
267 323
403 3
472 365
118 8
428 193
364 308
108 84
81 356
112 36
180 143
26 110
22 386
197 483
354 162
171 217
474 289
39 228
291 10
444 261
18 224
453 233
31 412
316 463
268 279
499 299
421 24
260 294
262 456
276 115
117 298
331 442
86 369
170 229
230 465
489 99
188 293
331 70
205 499
33 324
277 383
474 50
258 233
195 19
41 323
133 9
120 315
451 58
183 472
286 265
436 274
363 476
418 194
45 122
192 429
297 320
311 270
221 69
355 416
87 247
238 72
255 209
386 57
266 421
380 403
185 316
176 47
143 94
92 39
67 135
468 216
307 278
485 27
346 191
294 285
289 383
208 44
92 93
452 209
365 332
112 401
499 139
300 141
84 391
179 3
378 146
218 184
276 54
62 473
245 208
257 385
90 464
428 33
409 232
94 273
63 57
174 61
195 325
53 131
215 83
133 444
81 350
479 356
255 41
328 351
100 437
236 41
252 15
426 12
246 19
285 308
75 310
220 121
134 124
103 200
207 235
144 287
436 474
494 43
14 321
393 465
109 128
6 361
143 431
224 388
301 8
48 227
169 119
347 154
243 302
206 301
36 201
87 324
174 432
366 40
104 258
4 213
238 361
425 380
291 148
119 91
8 166
169 28
137 368
34 379
169 239
179 204
291 117
379 464
48 96
355 151
206 211
215 443
71 139
174 214
139 292
156 146
310 325
173 446
192 206
324 360
296 354
415 86
470 146
402 369
241 256
371 446
318 86
240 389
224 413
102 362
205 109
359 14
433 384
459 124
89 134
335 237
487 250
174 308
395 75
28 487
183 398
433 500
483 172
240 59
85 193
272 141
302 131
154 234
366 464
210 454
97 44
42 435
145 216
94 39
142 121
26 324
370 310
176 353
333 415
263 269
108 34
409 409
16 62
494 233
377 55
187 325
99 80
111 95
295 204
486 437
176 363
112 46
172 287
398 4
202 12
273 161
397 33
69 265
447 414
497 323
469 35
148 419
115 258
365 261
314 350
49 489
212 161
34 383
447 283
239 500
294 363
160 191
395 80
455 193
346 303
16 314
338 15
84 452
124 448
64 437
298 113
426 361
273 311
96 71
94 334
423 387
48 82
429 294
14 235
487 359
38 354
172 375
368 107
178 491
406 93
280 55
205 57
416 329
367 11
400 460
196 322
199 95
255 479
388 268
66 226
126 103
79 149
329 446
107 358
289 13
450 68
67 7
124 334
335 342
344 86
154 391
259 204
485 14
182 225
133 247
450 111
201 29
259 381
326 366
90 114
230 392
33 148
398 8
482 232
350 177
170 355
68 428
58 404
293 239
128 426
338 430
36 390
310 146
123 135
363 64
101 92
455 485
240 204
493 73
288 194
249 457
48 168
236 457
72 29
195 51
454 384
332 341
126 141
338 100
276 201
163 228
144 470
212 383
25 56
455 312
101 56
268 500
223 356
456 294
384 3
197 189
238 28
29 363
169 218
314 296
418 329
375 62
298 86
296 322
494 251
486 446
306 105
446 380
460 401
174 343
255 222
31 493
249 411
207 269
129 21
64 46
201 438
459 498
376 255
171 221
357 156
166 14
261 463
393 220
216 418
415 470
139 445
462 240
208 21
8 188
393 424
85 93
213 44
442 440
150 112
160 6
120 178
371 232
140 263
451 355
33 217
177 23
14 138
262 221
10 122
408 402
397 492
494 109
387 435
49 36
399 60
393 18
237 263
249 377
378 51
83 410
268 259
284 133
249 46
353 258
19 112
12 415
455 357
23 342
144 423
229 42
483 122
411 219
236 159
447 113
61 382
374 180
492 158
312 240
55 16
350 73
479 361
487 434
69 361
127 212
284 207
253 118
328 163
188 64
173 487
28 86
368 402
265 359
59 429
451 113
444 300
185 275
12 23
208 80
235 186
144 370
392 396
487 72
411 175
487 435
161 14
20 380
267 137
90 325
65 40
289 360
191 325
134 54
347 193
486 434
378 129
303 122
376 290
193 286
316 179
221 328
44 92
207 311
228 148
487 292
188 276
152 230
100 137
284 299
330 269
232 59
397 386
180 272
175 224
410 342
254 482
169 298
73 375
460 301
375 446
444 62
221 447
143 173
84 426
323 265
46 406
323 294
291 355
418 318
78 327
159 332
160 328
129 232
54 440
384 428
385 180
341 106
126 484
130 61
261 452
177 307
357 500
100 499
206 369
316 283
195 475
114 206
154 94
438 207
33 173
135 270
352 327
227 330
310 356
242 423
159 419
229 367
418 180
365 123
49 181
257 95
7 223
301 160
316 90
366 201
114 352
470 466
31 196
147 192
403 388
114 61
306 342
427 75
374 291
49 274
323 306
220 181
28 20
340 195
461 58
247 75
261 216
392 291
263 38
483 165
425 448
77 83
290 3
157 15
146 206
288 320
363 7
1 242
379 192
436 191
249 183
117 362
250 8
4 13
397 338
29 174
286 106
108 427
460 264
441 105
321 228
277 183
86 277
424 316
468 212
7 69
246 123
282 495
483 285
359 231
123 240
256 408
345 363
334 304
479 274
261 299
353 37
334 290
165 109
106 484
320 464
404 417
438 185
412 272
470 122
3 444
361 110
203 57
473 36
213 451
161 473
101 365
361 434
6 377
43 111
360 214
426 116
131 364
300 394
487 121
367 341
64 228
451 266
136 275
153 348
77 165
172 177
29 384
463 35
260 357
497 120
422 275
87 404
490 386
297 476
359 164
317 274
243 119
392 230
245 44
78 321
209 249
349 89
133 163
123 244
19 472
215 441
246 301
344 235
187 493
62 397
8 230
170 102
348 61
331 92
105 260
264 165
361 113
253 345
275 228
88 146
199 303
86 296
103 281
382 141
125 443
37 484
173 207
85 372
267 268
464 223
27 227
387 387
191 492
231 466
219 319
111 269
473 48
416 427
180 297
68 157
91 456
140 263
14 225
487 281
492 450
355 370
28 242
257 219
85 339
36 303
9 498
423 481
397 338
408 428
486 327
84 76
282 224
191 296
300 177
428 143
478 282
12 5
375 120
75 459
459 462
113 467
459 35
448 207
224 207
135 209
33 70
285 166
145 475
461 444
3 388
86 480
22 450
484 248
69 411
207 379
372 171
198 183
206 497
241 281
203 227
490 87
297 274
252 441
100 213
385 102
452 322
81 325
123 416
73 44
326 279
422 50
301 119
84 358
115 324
139 169
51 128
255 347
253 7
139 352
219 23
305 22
197 385
347 319
152 419
214 330
49 136
379 349
106 462
207 221
285 345
389 187
324 144
33 428
150 172
279 220
46 435
241 94
171 87
265 322
357 478
151 405
465 381
106 71
194 312
143 331
8 31
17 183
26 402
110 27
425 240
98 322
174 191
416 344
129 180
17 486
9 20
390 474
252 495
44 446
158 38
276 17
420 144
199 446
397 308
324 321
399 422
143 72
112 58
267 240
89 284
77 449
155 319
422 406
165 317
351 323
354 478
339 126
474 390
423 370
49 246
191 448
19 185
19 482
242 286
74 182
421 150
130 75
320 404
332 485
72 183
307 278
12 497
403 337
386 325
207 287
422 249
234 441
433 252
274 26
389 199
59 161
201 40
87 20
443 419
4 367
453 162
144 316
159 398
153 396
74 211
182 495
459 415
287 243
19 413
268 259
111 326
272 311
365 358
331 160
128 186
378 432
348 373
248 358
270 400
253 343
462 287
189 420
53 476
162 423
388 281
182 498
106 305
161 322
162 343
333 142
28 210
73 375
82 320
84 203
71 189
45 32
475 86
303 379
61 316
302 300
96 335
149 53
139 309
375 152
151 59
145 31
269 218
257 202
389 341
405 312
29 301
195 355
386 498
233 298
165 386
97 261
220 246
313 210
54 39
214 57
98 358
87 218
427 343
419 316
183 175
479 63
476 173
417 213
22 150
11 187
387 107
447 107
352 111
168 258
2 233
166 99
91 252
168 369
446 438
184 129
113 14
43 440
187 460
4 60
461 14
246 347
473 44
305 176
7 473
433 8
205 98
458 147
201 125
16 147
62 51
127 26
65 169
317 103
128 321
162 88
334 408
287 306
303 91
334 309
415 266
316 472
216 273
118 268
249 485
414 311
36 40
188 452
61 5
54 188
325 215
128 10
122 266
168 277
356 1
85 271
118 401
242 185
25 211
453 274
196 366
436 83
258 123
34 318
479 87
357 155
301 336
17 275
101 184
51 309
36 135
79 153
387 172
338 412
234 142
37 429
7 324
11 116
298 44
433 277
482 142
283 283
329 299
57 282
482 107
90 369
93 20
22 480
43 211
243 276
352 131
57 210
454 67
326 251
463 110
379 444
103 162
78 432
460 134
65 294
92 154
162 37
25 35
16 67
97 110
342 448
92 398
10 45
317 187
147 131
296 26
426 251
39 4
34 498
489 98
291 81
103 305
117 127
339 484
45 436
445 386
235 36
136 96
432 304
282 78
286 430
455 211
180 493
214 65
343 55
162 485
135 116
289 103
242 480
438 286
267 234
23 1
121 10
449 52
165 230
481 450
159 436
13 190
280 78
254 122
132 267
459 118
382 247
72 475
78 9
112 344
94 135
197 214
496 145
265 161
374 246
462 385
33 474
426 312
52 32
286 183
150 96
301 384
194 372
358 272
233 322
115 326
308 163
392 303
307 156
315 33
253 277
269 285
102 194
449 5
77 86
188 227
33 340
110 226
63 319
497 147
140 464
325 447
126 216
102 285
223 268
317 476
396 85
112 498
130 412
2 207
349 41
433 381
232 394
107 147
64 455
293 56
270 469
2 396
36 455
180 259
223 496
86 118
432 49
467 61
461 469
267 161
361 51
42 93
296 500
239 360
306 383
415 76
204 268
323 239
223 2
497 297
349 434
414 132
483 233
192 295
53 311
455 413
361 348
357 157
199 447
368 5
330 282
80 385
401 402
123 475
255 472
271 455
405 37
86 387
269 129
33 321
439 488
85 300
187 442
308 386
388 27
390 69
160 321
453 60
74 428
35 180
399 157
486 155
193 71
394 313
199 426
485 138
413 70
289 100
11 448
337 250
326 78
319 485
250 123
396 175
50 282
354 448
439 339
103 483
261 348
148 311
273 132
448 38
53 88
489 63
387 325
165 212
402 483
48 151
105 296
177 155
77 30
454 367
220 408
350 480
255 349
290 380
480 90
417 385
29 405
299 416
229 463
479 482
445 379
484 402
174 160
408 250
41 213
469 260
121 318
91 227
18 232
106 349
173 22
233 202
278 32
469 358
494 299
339 291
177 174
192 202
333 99
304 225
311 272
484 283
89 426
362 458
158 467
306 330
341 39
383 118
70 351
476 415
2 166
205 30
340 396
232 24
346 35
249 9
306 84
143 246
362 4
203 19
471 8
200 163
398 435
280 467
285 107
234 138
273 438
168 464
186 399
339 31
433 439
391 90
23 34
335 384
389 389
254 211
396 305
373 294
239 5
112 376
111 345
13 235
135 180
50 320
430 389
202 214
327 93
303 201
478 489
436 366
377 41
77 273
346 301
418 436
305 381
311 416
78 176
2 212
207 52
31 137
440 232
202 118
176 5
171 153
493 106
371 370
147 299
494 344
99 263
279 404
143 442
171 220
117 172
283 175
223 165
163 14
249 365
484 424
369 154
429 213
259 299
82 257
97 427
452 47
189 231
450 332
24 120
403 492
144 38
166 218
202 329
84 450
193 67
374 413
220 302
125 330
452 59
439 400
485 390
446 174
472 248
5 495
219 259
486 362
296 4
80 498
332 163
299 376
81 24
288 152
177 264
481 128
322 271
379 307
161 325
480 484
72 336
479 142
446 316
4 242
319 435
91 150
449 241
377 29
265 164
180 441
280 12
421 101
283 299
407 295
475 238
278 398
425 108
40 371
424 43
464 242
477 54
244 277
294 120
305 410
136 336
351 415
199 271
15 333
69 274
127 396
363 257
293 288
364 332
158 139
374 473
381 202
26 476
478 171
95 134
81 230
469 283
144 168
405 11
500 473
284 479
368 498
87 13
285 302
344 294
441 218
266 173
271 143
148 101
166 94
234 98
324 55
232 319
74 136
181 425
460 316
255 180
314 341
192 98
495 35
244 435
104 361
459 375
356 106
475 21
51 60
470 374
466 201
45 39
336 77
316 295
393 70
474 206
263 165
155 257
200 250
43 303
111 1
29 466
458 355
338 8
415 307
234 380
7 130
271 194
206 86
488 98
7 314
155 269
478 310
25 29
59 419
184 21
419 64
486 376
419 323
384 185
481 469
64 487
98 186
180 303
123 20
401 130
333 407
398 162
216 275
43 127
193 226
147 464
289 485
339 59
159 74
243 140
394 159
478 491
344 10
294 467
29 46
96 213
452 345
226 20
471 268
498 16
345 144
331 486
480 169
44 139
95 287
130 488
297 107
331 140
468 476
458 348
21 53
60 324
250 138
195 72
405 192
439 102
188 269
87 167
290 482
157 236
120 138
75 416
97 405
56 64
380 13
412 252
418 323
76 19
460 122
442 217
314 381
318 353
1 256
371 290
237 380
25 357
17 452
272 113
356 179
29 236
192 440
487 461
114 414
331 426
36 272
142 201
4 311
405 5
418 275
294 154
154 171
10 23
122 134
135 329
312 15
64 355
454 403
315 420
168 497
345 55
269 338
255 272
500 11
276 417
286 422
70 291
444 432
313 417
65 300
245 228
314 161
83 120
63 249
39 230
246 235
285 14
72 391
137 71
402 265
339 39
186 408
329 481
191 494
397 107
293 493
335 458
5 269
77 67
17 115
149 114
349 285
479 272
27 116
194 280
380 32
318 417
292 499
249 482
492 497
89 284
489 275
93 494
43 170
412 411
136 412
25 337
196 3
108 223
470 302
354 201
185 172
469 476
170 217
458 161
213 398
296 202
172 388
47 214
409 310
124 45
222 500
233 269
355 340
343 324
493 197
377 30
368 345
5 37
62 462
49 274
211 196
327 382
435 225
447 344
35 423
240 256
422 472
24 276
163 367
452 8
63 328
37 282
172 41
170 85
355 218
359 417
413 37
299 199
262 245
42 296
167 281
403 441
252 278
68 267
144 371
274 58
50 162
339 222
54 8
158 260
77 16
177 341
53 475
40 166
71 433
313 238
214 215
30 317
492 97
83 488
320 208
45 369
369 236
442 423
95 100
182 24
115 210
216 19
184 255
36 255
188 348
344 253
62 225
421 406
173 356
393 492
63 289
361 284
24 302
58 471
401 91
494 368
301 61
238 484
316 274
90 355
473 285
459 35
9 379
440 182
234 184
173 149
472 33
432 348
187 341
318 87
431 163
306 231
223 44
67 390
169 8
96 141
293 54
27 301
433 318
334 18
1 7
166 325
391 97
172 77
289 489
16 220
3 321
302 225
216 220
467 236
228 62
229 20
116 107
172 400
425 6
417 277
364 83
101 254
31 272
183 320
112 198
39 114
370 192
191 86
412 157
173 139
218 401
10 185
360 181
84 136
38 1
412 401
435 365
7 465
488 189
136 100
386 174
65 255
218 255
192 129
263 217
267 333
117 128
17 328
160 101
463 198
453 227
450 387
443 456
203 430
144 339
381 381
12 446
136 81
52 179
209 167
395 327
499 364
454 367
191 114
319 6
311 271
232 112
9 174
68 212
455 63
50 336
444 413
133 431
494 36
461 202
202 356
29 52
71 482
419 261
95 237
118 257
360 349
369 368
374 288
79 329
350 128
164 145
41 296
75 386
183 36
87 385
243 467
288 313
301 58
425 395
147 43
4 6
391 224
373 117
11 304
445 212
283 460
357 175
255 431
60 289
318 147
25 60
465 313
372 265
370 149
12 16
191 15
373 433
90 98
49 452
401 493
163 183
304 371
358 58
154 269
199 471
415 223
383 232
35 106
496 257
254 7
124 444
373 497
377 462
94 277
413 494
122 428
28 425
298 237
335 303
6 33
274 272
255 8
3 142
113 499
250 367
357 373
310 230
221 38
191 314
167 456
159 288
235 39
212 384
275 398
187 132
430 312
404 37
319 258
30 431
108 131
149 465
3 459
194 224
348 236
389 14
43 400
153 277
438 217
13 64
114 199
196 396
362 451
284 180
208 165
462 316
295 111
280 149
421 325
224 268
412 113
134 455
12 138
83 301
354 95
364 320
145 411
67 6
361 202
37 421
366 499
88 12
461 219
160 381
43 384
500 454
496 485
260 359
123 343
11 328
289 374
147 286
137 65
143 349
266 180
269 483
30 356
494 490
426 154
222 320
37 221
274 384
206 385
94 180
79 104
7 368
329 6
5 465
70 147
314 188
178 434
170 59
142 164
400 67
169 121
387 205
194 12
440 251
248 385
430 327
340 288
46 168
293 50
485 215
48 150
402 78
435 423
136 76
86 388
495 254
360 233
310 405
96 101
155 343
485 436
21 176
224 66
344 368
467 180
82 15
181 335
444 115
258 431
43 343
318 389
449 178
473 110
434 68
211 89
262 47
24 283
223 99
348 418
467 315
449 400
181 129
235 124
95 492
54 489
186 224
229 486
253 201
96 186
268 158
274 382
204 150
164 278
248 11
47 66
177 495
466 209
475 200
332 422
43 238
410 228
313 491
66 65
191 161
102 311
170 228
192 225
377 355
3 476
217 49
42 246
396 359
454 370
58 138
291 452
375 53
31 39
43 96
103 85
108 56
395 277
283 438
2 11
144 356
487 213
256 380
458 151
238 411
373 147
48 15
98 274
419 480
312 313
76 266
398 183
322 144
312 104
434 313
115 77
20 453
141 275
332 98
278 421
9 2
419 408
368 368
182 139
347 345
451 274
111 200
457 432
196 268
387 481
432 353
409 303
305 50
429 488
147 206
260 155
59 178
63 279
397 96
417 96
440 367
369 50
419 325
333 114
444 72
446 227
424 354
29 229
403 310
216 50
15 328
56 426
5 470
204 254
65 120
349 357
338 217
258 108
394 91
73 189
162 18
268 85
372 296
165 274
105 233
175 472
60 231
249 416
52 304
169 469
423 369
325 112
86 82
220 331
24 292
19 37
310 286
474 181
434 138
306 390
370 481
213 281
63 461
197 114
264 217
82 38
438 406
150 23
340 221
205 363
12 223
400 173
361 373
205 294
362 11
35 84
491 248
364 405
60 412
18 176
481 100
213 418
357 214
292 196
286 496
411 298
218 310
322 78
34 27
223 395
37 258
478 379
357 194
283 416
105 152
91 85
251 156
354 460
221 145
155 7
140 65
156 210
226 477
139 259
355 214
6 243
471 483
121 179
28 255
94 133
407 37
69 9
44 423
468 264
419 475
122 59
391 277
120 117
106 258
227 460
323 232
203 145
67 175
323 94
282 417
78 40
305 147
400 348
421 368
463 339
194 85
249 84
361 368
52 318
478 279
130 300
362 332
445 428
358 267
22 491
35 99
30 191
97 430
390 369
149 353
208 194
437 308
277 149
176 181
319 5
311 448
156 172
131 452
100 340
71 473
331 457
423 360
148 372
141 37
240 289
241 299
482 29
107 111
30 134
143 348
138 453
147 293
124 277
245 75
116 315
399 446
271 174
158 270
45 298
159 136
439 251
435 420
280 41
382 161
174 24
360 163
476 6
307 452
134 403
26 249
217 277
47 340
450 56
461 346
353 471
333 291
222 267
63 353
159 444
13 184
320 372
198 295
229 5
98 362
407 124
462 476
252 360
167 201
415 127
398 120
98 230
262 171
349 176
23 359
472 387
395 291
110 92
437 338
96 35
51 3
10 364
330 261
224 496
313 490
474 210
461 423
291 75
93 491
250 115
350 221
353 244
363 462
335 300
299 283
334 201
137 343
65 466
455 140
313 267
129 286
328 442
61 470
16 153
461 117
120 310
338 472
405 200
434 91
351 84
225 36
285 361
230 349
178 184
340 342
302 320
480 129
261 40
99 128
192 411
245 163
72 434
487 476
485 272
418 336
355 143
371 491
355 453
191 33
136 30
374 290
350 353
418 462
392 368
90 436
278 334
450 349
267 288
176 251
59 94
438 414
88 161
256 442
113 447
474 100
328 200
389 177
404 159
139 148
26 80
435 156
265 384
356 383
172 32
485 82
477 423
495 64
435 103
357 47
49 183
498 376
382 387
405 137
45 395
284 422
326 218
429 90
454 285
472 477
168 456
58 496
230 405
411 164
7 267
210 407
301 60
134 182
446 38
171 342
284 454
115 109
24 44
198 477
180 21
453 199
477 10
194 58
266 456
222 272
222 283
178 23
342 312
56 287
201 226
480 337
32 95
445 55
490 495
383 169
15 335
367 343
196 412
401 462
367 474
85 440
256 115
314 98
278 222
236 478
299 68
166 330
162 111
236 151
457 118
171 471
304 37
166 352
300 66
165 166
39 249
105 146
363 271
243 140
492 331
470 290
398 135
472 411
97 207
413 53
325 83
24 128
471 41
479 270
106 143
287 496
244 243
141 106
13 236
98 4
418 67
146 167
53 117
429 150
323 341
202 147
275 77
127 97
117 457
218 74
452 4
421 195
246 414
152 259
1 249
114 418
167 259
436 220
375 364
221 50
204 422
48 330
351 174
426 319
131 143
393 434
498 165
128 243
78 279
353 78
380 319
347 46
429 282
117 156
145 337
205 200
111 252
381 313
426 306
131 408
300 375
341 297
40 320
392 117
98 244
47 477
414 393
375 343
27 491
498 171
180 202
223 290
453 455
102 230
261 84
489 412
459 181
61 498
500 452
466 450
47 12
278 461
257 4
303 283
495 300
305 26
353 379
167 305
334 120
387 446
203 227
209 161
408 269
10 259
220 328
60 267
191 338
227 447
341 381
81 187
32 238
212 384
116 378
40 301
349 426
246 52
5 455
64 412
75 74
22 295
401 82
413 443
271 491
390 463
371 322
150 402
59 213
285 175
443 176
327 291
102 425
194 458
231 258
221 305
183 242
99 435
175 363
377 445
353 266
260 75
440 261
328 498
473 464
24 267
140 351
410 93
275 103
50 5
212 270
309 394
363 260
180 38
122 57
334 327
174 93
253 113
205 81
111 30
396 134
296 35
484 57
479 110
12 380
114 223
149 275
469 364
34 148
253 7
204 86
185 378
31 438
342 235
370 452
264 117
438 412
4 273
468 482
383 331
362 496
54 362
270 374
225 155
21 477
162 77
415 198
306 297
487 147
31 356
99 147
325 388
410 328
160 229
309 42
60 22
390 465
384 11
338 460
166 358
437 179
434 203
228 239
499 215
238 381
422 188
379 246
75 288
73 234
369 382
128 428
255 369
392 138
231 229
450 248
438 238
426 224
440 6
314 438
220 51
170 141
238 49
387 312
188 459
398 56
192 377
483 447
97 226
436 327
306 385
75 244
122 352
319 413
357 132
202 76
183 372
69 272
272 307
84 459
265 333
367 309
61 201
107 157
279 394
335 84
131 409
179 252
261 497
17 469
129 218
397 163
89 465
434 212
271 369
23 387
53 389
47 113
441 153
121 219
399 456
303 29
216 333
132 476
330 148
297 310
366 193
472 306
157 405
18 427
274 392
165 178
132 212
291 72
216 263
143 114
218 297
142 434
129 274
261 458
421 409
267 138
101 90
444 257
495 313
35 120
204 200
297 335
263 439
258 478
202 400
92 271
196 85
56 325
358 169
134 131
77 253
268 178
342 63
286 188
227 173
159 430
224 308
116 486
246 226
463 299
125 406
422 173
491 477
349 200
145 482
330 222
86 450
251 428
364 388
467 91
60 126
20 283
433 488
120 30
213 435
181 189
192 102
361 182
78 209
382 75
43 63
148 128
364 398
55 228
137 22
318 197
499 189
331 283
28 303
312 240
237 492
281 428
93 141
462 23
202 195
97 244
109 244
371 473
493 278
52 129
299 221
177 149
261 8
431 289
162 94
380 398
438 12
177 382
153 138
404 354
184 352
97 293
95 319
117 439
96 168
68 246
240 96
394 500
103 324
140 264
270 372
13 207
383 42
88 387
31 492
240 215
343 188
7 290
7 475
80 102
142 147
348 233
243 93
232 197
269 224
313 38
95 177
244 329
218 331
216 101
174 455
315 369
495 173
10 1
147 89
454 140
88 153
372 182
246 455
230 14
178 42
51 124
71 146
453 140
328 168
240 2
474 54
222 468
78 83
320 76
171 274
67 110
278 438
291 23
245 21
388 274
414 438
398 484
435 202
124 263
369 215
116 194
121 189
162 198
271 333
126 441
106 192
403 236
482 193
258 226
213 146
351 479
435 100
314 370
301 437
484 21
4 99
215 124
287 228
173 57
60 150
349 18
342 251
253 175
444 10
252 8
7 102
338 294
202 152
163 2
440 146
375 443
96 89
418 382
316 91
290 227
240 138
244 433
241 348
107 36
210 358
395 216
460 233
9 13
384 23
366 323
20 240
118 115
328 35
348 495
125 137
222 217
127 317
1 367
165 108
402 374
317 148
441 128
380 450
140 263
324 6
438 344
245 55
458 425
89 306
271 66
294 492
134 420
161 134
286 325
93 39
198 410
39 138
37 418
439 29
33 263
386 322
106 482
376 415
406 316
72 177
233 366
20 366
285 180
500 423
356 444
313 405
353 351
43 242
269 333
270 153
447 155
474 52
488 201
319 394
16 390
422 249
107 293
114 392
473 465
166 180
409 478
85 113
181 479
354 449
311 475
453 258
481 426
161 469
126 331
214 493
221 135
241 327
427 207
70 251
23 235
283 431
65 367
396 245
345 249
45 155
76 497
264 56
274 425
24 251
255 237
243 327
223 336
6 2
42 427
252 64
14 34
347 430
252 242
174 96
342 70
103 417
418 366
473 191
142 348
293 249
85 35
427 307
370 284
308 263
211 412
327 76
297 25
5 401
266 30
496 459
99 98
376 16
316 200
206 457
47 498
205 131
384 484
290 106
267 449
368 477
212 46
404 361
70 408
261 187
437 256
146 35
206 373
50 21
72 107
329 118
456 386
101 192
369 390
297 135
190 16
112 254
414 15
114 483
275 374
22 211
481 167
98 38
39 499
58 110
458 239
79 265
124 179
456 492
420 104
126 462
472 89
215 385
456 328
219 230
53 240
292 33
258 389
423 148
240 480
109 197
218 188
461 193
366 269
184 138
224 310
99 195
398 313
79 353
492 298
434 44
37 226
428 147
466 350
294 205
182 403
401 251
90 214
444 307
482 127
444 205
288 394
252 186
58 330
390 49
479 176
444 16
253 372
162 218
73 307
275 254
209 27
357 298
240 152
457 73
278 400
130 66
146 381
103 203
62 344
104 41
19 47
408 123
418 421
341 343
227 467
448 436
493 304
233 85
455 189
157 85
441 138
2 438
18 456
492 432
299 95
472 170
142 379
292 411
299 484
253 25
302 53
460 295
356 45
231 163
85 239
99 377
377 452
314 246
407 158
177 57
252 500
78 393
378 370
156 28
205 260
53 7
312 364
153 20
260 235
182 197
473 132
73 349
83 239
447 489
396 475
397 499
475 475
392 352
196 399
380 400
158 284
258 470
499 262
489 259
496 22
455 469
153 379
169 235
469 467
75 216
442 471
215 416
445 458
119 140
356 498
392 13
133 1
482 132
263 322
242 110
343 196
430 495
426 451
81 247
417 7
462 358
478 176
273 274
133 392
266 340
241 157
353 374
157 186
357 271
8 98
233 350
145 162
197 422
112 129
168 381
136 130
238 465
157 363
238 290
106 3
481 346
159 333
71 168
19 279
290 26
376 22
227 372
36 423
294 499
52 461
379 187
90 117
151 99
479 240
388 436
243 368
281 253
53 204
272 71
482 62
448 210
83 174
81 470
449 226
469 352
187 347
390 128
463 392
226 293
131 465
228 225
185 361
478 237
416 249
159 249
162 458
310 97
483 243
66 283
468 34
134 154
233 23
134 195
266 359
340 397
176 419
121 360
131 450
448 398
51 458
147 212
415 456
160 249
198 226
32 18
111 165
23 343
40 156
390 305
367 81
53 42
499 26
253 482
475 52
379 377
361 25
441 275
333 100
375 382
177 406
251 140
423 274
334 314
429 223
470 147
155 23
40 154
400 144
487 374
195 365
103 55
242 43
181 426
494 408
159 171
165 410
162 87
183 495
252 463
218 74
462 372
96 1
377 495
145 215
220 191
80 322
98 173
216 130
98 210
37 256
232 202
17 245
140 199
239 392
14 308
465 475
32 412
475 260
258 471
475 329
14 406
3 111
78 70
240 27
131 277
134 214
478 151
458 117
349 197
360 214
356 176
188 387
439 15
499 196
485 473
377 350
230 379
460 159
448 52
185 79
328 318
292 157
468 102
125 169
150 337
382 5
12 70
244 451
436 242
498 272
66 226
122 295
456 81
453 256
132 489
334 311
306 477
319 126
430 444
146 79
280 379
84 143
300 327
445 235
420 295
7 485
20 128
131 476
208 435
231 192
423 416
354 80
244 173
57 174
116 202
252 247
81 187
389 380
365 334
467 284
128 473
120 499
100 102
326 159
36 56
202 310
323 56
242 67
228 298
92 343
352 195
441 284
234 329
15 98
14 481
234 493
305 353
492 404
307 317
415 194
225 116
4 47
171 97
465 398
246 408
92 449
455 32
232 188
213 99
285 78
431 18
71 236
223 414
491 29
82 405
222 306
373 77
205 43
25 21
293 271
429 236
71 383
120 303
422 184
253 206
261 183
76 331
270 298
244 261
178 326
17 251
483 389
328 187
284 204
60 428
474 340
163 45
74 134
199 495
317 303
200 430
337 275
260 459
424 356
219 101
33 87
352 15
476 31
54 111
234 113
38 60
452 52
456 25
186 6
371 354
160 70
283 496
197 395
454 120
250 24
73 134
111 424
148 438
306 53
48 39
165 437
450 468
488 257
344 25
262 214
231 421
136 365
269 332
259 74
303 360
98 375
493 60
298 141
497 455
193 396
494 210
184 295
29 171
52 225
48 165
290 278
438 425
142 206
108 253
131 411
112 228
285 105
287 83
97 135
37 141
382 382
202 65
29 231
88 432
307 135
448 96
264 385
21 257
442 128
9 73
390 473
152 175
77 439
109 25
425 497
165 307
231 219
223 259
301 310
42 107
296 489
54 59
226 74
316 167
54 176
91 443
148 243
469 224
33 77
100 457
74 117
115 304
335 338
414 135
499 307
93 295
295 146
353 20
72 20
39 125
196 129
419 195
223 388
271 255
316 370
64 241
486 30
396 320
219 309
306 218
115 398
12 262
44 216
133 115
88 171
91 135
152 361
329 374
100 99
481 416
469 44
156 306
425 52
478 144
212 283
361 179
33 224
292 76
291 424
42 378
95 132
364 98
344 193
471 444
291 303
211 111
346 218
417 123
121 246
266 185
28 478
363 60
201 154
487 343
429 28
73 23
11 436
120 355
480 443
150 271
245 360
233 443
429 1
65 50
246 182
234 126
159 448
185 359
453 24
53 381
51 125
256 414
413 375
120 392
169 269
14 266
480 99
60 260
99 124
309 197
305 394
322 315
341 358
25 293
381 77
26 284
54 281
197 466
7 168
357 176
288 223
293 267
321 352
26 419
327 187
467 483
80 288
297 273
498 321
417 378
397 442
13 450
222 61
267 229
228 476
256 15
198 48
133 18
399 11
288 225
49 255
59 128
394 355
252 391
175 169
121 71
462 133
373 184
46 491
264 273
466 19
140 163
66 124
32 316
134 172
392 182
278 450
162 171
304 265
414 330
433 34
252 395
18 124
430 415
467 193
40 432
63 179
447 480
154 330
295 288
1 38
321 278
339 334
301 142
99 214
471 383
99 74
277 468
50 58
383 16
102 422
447 164
452 245
143 105
75 289
244 427
326 417
205 164
250 357
157 348
70 479
231 168
53 359
487 102
269 369
117 370
142 415
34 93
160 176
50 86
465 293
12 142
209 68
306 459
424 314
158 345
293 240
364 197
451 351
298 219
219 266
88 213
32 473
305 191
149 354
128 465
499 492
106 207
59 263
17 335
429 175
179 73
266 43
269 216
245 418
434 463
35 374
27 66
346 332
109 346
37 236
162 35
227 268
242 138
382 258
472 162
284 150
234 50
44 2
265 288
271 51
103 305
276 129
371 121
312 331
467 349
66 128
235 145
247 476
134 481
86 105
142 221
106 228
122 150
229 239
289 352
289 243
156 64
372 378
36 35
208 354
383 126
482 118
122 80
445 255
412 382
359 406
455 316
133 76
465 213
314 106
64 454
348 220
17 71
449 405
106 157
258 340
282 91
309 403
23 106
9 434
487 367
191 293
182 323
369 499
388 182
456 451
136 303
22 4
226 471
408 331
479 18
22 112
108 331
366 130
288 374
416 274
92 106
419 273
429 287
123 168
320 78
118 455
381 492
311 458
314 70
288 292
87 161
255 195
491 120
324 278
345 239
404 436
197 322
208 477
460 183
144 279
260 261
234 492
104 396
449 417
465 88
60 52
249 314
246 91
285 421
369 129
12 124
416 208
297 476
184 256
158 327
34 417
439 119
261 43
14 209
311 331
297 371
382 397
36 479
487 173
399 207
301 262
330 69
469 478
44 4
233 201
330 119
469 121
89 229
163 455
438 325
285 86
195 18
334 83
496 320
255 246
27 407
8 208
475 328
186 18
332 270
70 13
240 39
133 329
267 147
283 56
472 67
493 18
436 326
100 431
146 206
28 24
113 35
83 87
215 120
457 46
390 26
58 481
64 43
309 183
189 91
90 12
9 83
30 444
260 481
226 257
187 254
280 299
140 215
385 354
334 193
399 75
219 309
56 134
351 364
316 391
307 406
403 167
340 284
463 99
264 188
356 450
293 487
248 433
201 485
286 387
177 37
461 395
197 16
29 399
232 196
289 390
453 43
56 144
326 370
243 90
410 450
39 202
436 139
134 489
123 272
375 151
308 335
398 4
203 278
254 286
473 42
27 278
437 434
421 262
304 163
203 213
112 242
414 400
2 150
3 419
5 468
6 206
8 399
10 114
12 248
14 496
16 108
21 232
23 294
24 490
26 56
28 138
29 207
30 285
35 491
37 168
40 212
42 471
45 271
46 114
47 138
48 498
49 96
50 133
52 254
54 274
57 222
58 239
62 273
65 187
66 274
69 245
70 432
71 223
73 299
74 382
75 385
79 125
80 172
82 393
87 94
88 350
94 466
95 137
96 348
101 492
102 257
103 236
105 404
106 263
110 280
111 453
112 236
113 266
115 349
116 349
117 468
118 141
119 191
120 166
121 437
123 253
124 198
125 273
126 437
127 419
129 472
131 434
133 298
134 246
135 475
136 344
137 242
139 344
140 344
142 256
144 471
145 338
146 154
147 337
148 163
149 368
150 352
151 273
153 397
154 489
155 354
156 474
157 443
158 330
164 351
166 465
169 206
170 320
173 447
174 500
175 470
178 423
182 237
183 461
184 226
186 486
189 455
190 404
191 431
192 437
196 381
200 333
201 356
202 442
203 301
206 495
207 491
208 485
209 334
213 472
215 449
218 322
219 395
220 463
224 403
225 492
228 335
229 263
230 413
234 385
235 262
236 332
240 245
247 338
248 287
250 422
251 383
252 300
254 375
255 494
257 328
259 344
260 261
263 435
264 268
266 460
267 342
270 466
273 315
275 485
280 447
281 484
283 357
285 476
286 293
287 408
291 370
293 352
294 410
295 486
297 343
301 479
302 349
303 381
305 362
306 435
307 366
308 378
311 493
312 330
313 375
314 480
319 346
321 477
322 474
323 397
324 427
325 420
328 489
330 426
333 471
337 380
341 393
342 429
345 398
347 424
348 446
353 447
355 407
356 436
359 412
361 491
363 387
367 473
368 400
369 465
370 373
371 465
372 410
375 441
378 487
379 389
380 462
382 385
383 492
384 404
385 437
388 490
389 413
391 423
397 460
402 460
403 443
404 436
405 427
414 486
415 497
416 454
417 422
418 483
422 455
423 472
424 431
425 446
426 485
428 499
431 455
439 440
440 479
441 459
442 491
446 461
447 499
448 461
449 455
452 487
456 464
457 460
458 462
459 483
462 481
464 481
466 480
467 477
469 480
470 499
472 497
477 483
479 495
484 488
485 493
486 496
488 491
489 497
490 500
491 495
492 497
493 496
495 499
