10
10
7562 9988 1406 6993 6308 7719 2678 2628 7608 652 
10
24 4559 3782 2144 3141 9026 4900 9106 2153 9677 
10
2810 2909 7398 4870 6374 7005 1534 4629 819 800 
10
8874 4732 787 6631 8077 7094 4350 754 9722 8309 
10
7757 6097 2868 1538 8241 2360 6915 9492 1465 9067 
10
9169 627 1975 6566 1848 4700 9923 3382 9329 7093 
10
533 4554 8176 1320 1184 6252 8413 1885 3357 4486 
10
194 1114 6935 9413 9003 5175 8124 5918 4666 5940 
10
4984 186 6566 3311 6752 8414 8010 3026 8147 3690 
10
6470 8679 8243 4645 6350 5779 7249 4763 7663 605 
