10
100
4163 1023 8623 6071 6914 1144 5985 5567 6335 901 3442 8314 9294 6695 3318 1990 8087 9902 4321 2484 8258 9766 6972 3257 1968 8159 4431 8329 4154 5729 9320 4668 6751 4294 7090 3664 5437 3075 5582 8123 327 9024 6437 9620 5718 9754 7962 157 6007 2282 2640 4264 8399 5963 3872 366 473 8303 8695 4627 4031 4366 5646 781 8660 2736 796 448 2162 6378 8571 2488 1753 1359 2108 3822 7464 69 3978 3471 8702 2969 4086 7101 5284 7958 7466 5756 2612 2512 6734 6642 3230 8732 3774 1889 1467 921 8688 9980 
100
3650 7258 2467 1754 8616 4574 5576 2432 994 5905 5902 6048 5226 6339 3148 6861 648 6965 8968 3259 5829 2054 6252 9058 785 6377 7298 8603 7298 5985 8582 7299 3243 1048 5405 8210 1974 980 641 9319 3236 2894 5366 8461 9233 8513 5321 9880 1830 4289 9491 7658 6342 5742 6715 3478 2119 4012 2080 5768 6348 661 9418 9590 8060 4822 4152 33 5801 1144 9352 9037 4038 4717 3849 9622 9582 9170 5853 7763 9810 5343 5420 2503 7437 8486 5980 9555 8849 4411 1674 5196 5071 1091 1138 3130 5913 1641 9515 8065 
100
2784 5218 3453 3173 6286 7302 9146 5867 2823 1351 3629 8984 6693 5400 7838 481 3885 169 35 9085 4579 8060 4281 9649 9151 1770 9130 1415 3410 4996 5831 6193 213 9284 5718 6499 2937 4863 2365 2111 6213 2346 7446 9258 4097 5283 9738 4334 5451 6125 3418 6381 4184 7698 2381 9686 5819 1510 1100 9228 6506 3283 1773 3070 2566 7490 9568 1854 8704 8285 316 4917 6982 7761 526 1078 9395 6615 5411 1197 9091 8829 7577 3275 2878 9957 9312 8697 1466 6764 7924 4323 46 9696 7393 2611 3537 3312 816 2241 
100
1596 1131 3509 8577 5243 4034 9655 4637 7000 1417 2185 6091 245 9761 5717 9475 9717 5028 8171 7534 1791 2446 8209 1836 8494 1953 798 2030 5264 7965 4270 3212 5447 4130 1788 689 4515 7794 1677 1515 9211 3861 7605 5807 9973 9673 1633 9689 1052 6155 3575 2843 8601 1783 1030 3446 3735 8180 1827 5350 6144 6097 8561 7943 6578 6701 8631 1093 4494 6660 2607 56 6872 6563 2215 6845 2587 3847 2885 3638 2 6459 2832 4954 4593 3862 4751 4679 8393 6577 29 888 9025 4941 8830 5603 1641 3813 6695 2487 
100
472 5653 8894 3695 8567 7460 539 1153 1307 3424 4790 7660 6234 7622 8965 827 7835 3715 5505 6227 6643 1885 3466 5668 3178 2296 1270 4818 6108 4316 3656 2931 9968 2550 2977 4886 9 3516 6038 7667 3291 7179 1678 5876 1152 6994 3054 8986 7060 4911 1564 3703 6795 5030 9370 9972 3677 6991 1142 6136 1306 4797 5418 7625 3698 8394 2510 3707 8261 4899 7725 7903 2077 5755 3779 3229 2748 6832 8566 9808 1742 130 3510 4889 1511 9231 1212 5187 6221 2353 7674 7526 3502 3091 5150 7199 1484 4011 7257 9745 
100
8909 1334 7647 7337 7088 7777 6917 9835 4609 5483 5994 2702 1964 5855 7590 3474 5085 5154 5012 1305 7506 2685 5182 7359 2127 6683 4558 3610 693 8166 9706 5953 9499 3705 3290 6586 1481 206 2773 2441 2040 5118 1495 4003 973 5436 3828 2409 589 5191 66 4447 4227 5247 1805 6353 8282 2714 6315 5326 880 2372 1279 378 6076 920 3316 3909 7477 2440 2701 9517 7557 547 9871 4881 5983 3699 7290 2923 5241 3707 3721 9468 5305 5526 2172 3586 4591 8486 8912 5470 858 6542 2200 3285 7461 5515 3545 1289 
100
7954 2598 7157 1862 3144 7028 6743 5478 7078 384 8401 2318 4090 2121 1785 9394 3998 3957 9332 8589 8794 8243 410 6003 1136 2609 9288 8596 4475 9184 6236 8780 1781 3393 642 1277 420 7384 6754 3849 4119 1506 6166 8208 9979 4303 3953 3976 8259 3284 8916 3404 7878 9326 9407 9013 8286 5046 3960 2761 4229 196 1540 2362 9940 8533 3638 6711 2268 6743 559 6386 8249 6724 945 4579 1026 1250 8554 5636 4533 3822 9040 8763 9499 4798 7775 4136 9843 1735 3248 423 8282 4788 2784 8221 9672 2773 4931 1940 
100
9516 5489 8325 4116 8564 5622 8694 5942 6871 3599 1577 7755 7420 6968 6517 3270 1765 4292 7406 7959 2378 653 8382 7011 1792 1165 1583 1464 290 2865 9755 9805 4705 8079 3920 3268 52 8965 9209 6922 2563 7138 4677 6335 4105 1193 9604 2222 1836 3361 180 565 366 8561 7575 8509 6078 9157 9972 2719 2021 6078 2523 6725 4157 2794 6345 4208 8110 5553 7482 672 9042 2158 7006 3147 9702 2962 1720 1538 2674 1899 2102 9391 6812 9677 7900 9241 5185 4223 1959 3558 301 833 282 809 3626 2978 5016 1735 
100
4883 8849 8758 3924 1006 2116 7070 708 1429 5141 8597 4102 7040 698 3493 203 6726 7744 9443 1911 1966 7753 5468 2266 8585 2101 3074 8562 5079 4442 6648 9961 3290 5405 3884 648 7520 7306 1355 5300 2446 6303 5754 5837 7000 5598 2391 3726 3341 1833 1988 5306 9585 3807 7572 4521 5907 645 3082 7337 1438 9729 7297 4728 1486 7533 5375 5357 1190 3081 657 9987 9383 6410 2176 2734 2007 4566 6459 1699 2751 4798 7004 8687 8604 927 3208 4511 7924 6289 8199 9361 2370 1848 440 3855 9380 5814 9211 6921 
100
5246 9867 3259 980 2628 5434 3714 986 10000 6524 2684 9102 7674 6040 7788 6277 6966 995 7139 4889 3636 5338 602 6005 7185 1041 6211 2916 3207 5421 9836 8452 1640 3094 5784 4267 4880 9497 5253 1231 2372 4288 332 45 327 4471 2674 7293 5466 9812 8533 5453 5149 9134 7809 8685 175 4019 1600 3381 5791 7787 8184 7430 7233 3967 8049 2112 9815 9653 3342 8539 3940 25 8583 4267 4495 1256 7911 6312 7420 6443 1764 8920 5577 5924 7605 5751 6294 9204 5483 2085 3343 3666 5866 575 7633 3914 2686 3799 
