5
4
1
2
5
10
10
1
7
10
11
12
13
14
15
16
17
19
5
20
24
25
26
28
30
31
33
34
38
42
45
47
49
53
57
62
63
32
1
5
5
5
5
6
6
6
7
7
7
8
8
8
9
9
9
10
10
10
11
11
11
12
12
12
13
13
13
14
14
14
3001
769
4218
4218
4220
4222
4224
4226
4228
4230
4232
4234
4236
4238
4240
4242
4244
4246
4248
4250
4252
4254
4256
4258
4260
4262
4264
4266
4268
4270
4272
4274
4276
4278
4280
4282
4284
4286
4288
4290
4292
4294
4296
4298
4300
4302
4304
4306
4308
4310
4312
4314
4316
4318
4320
4322
4324
4326
4328
4330
4332
4334
4336
4338
4340
4342
4344
4346
4348
4350
4352
4354
4356
4358
4360
4362
4364
4366
4368
4370
4372
4374
4376
4378
4380
4382
4384
4386
4388
4390
4392
4394
4396
4398
4400
4402
4404
4406
4408
4410
4412
4414
4416
4418
4420
4422
4424
4426
4428
4430
4432
4434
4436
4438
4440
4442
4444
4446
4448
4450
4452
4454
4456
4458
4460
4462
4464
4466
4468
4470
4472
4474
4476
4478
4480
4482
4484
4486
4488
4490
4492
4494
4496
4498
4500
4502
4504
4506
4508
4510
4512
4514
4516
4518
4520
4522
4524
4526
4528
4530
4532
4534
4536
4538
4540
4542
4544
4546
4548
4550
4552
4554
4556
4558
4560
4562
4564
4566
4568
4570
4572
4574
4576
4578
4580
4582
4584
4586
4588
4590
4592
4594
4596
4598
4600
4602
4604
4606
4608
4610
4612
4614
4616
4618
4620
4622
4624
4626
4628
4630
4632
4634
4636
4638
4640
4642
4644
4646
4648
4650
4652
4654
4656
4658
4660
4662
4664
4666
4668
4670
4672
4674
4676
4678
4680
4682
4684
4686
4688
4690
4692
4694
4696
4698
4700
4702
4704
4706
4708
4710
4712
4714
4716
4718
4720
4722
4724
4726
4728
4730
4732
4734
4736
4738
4740
4742
4744
4746
4748
4750
4752
4754
4756
4758
4760
4762
4764
4766
4768
4770
4772
4774
4776
4778
4780
4782
4784
4786
4788
4790
4792
4794
4796
4798
4800
4802
4804
4806
4808
4810
4812
4814
4816
4818
4820
4822
4824
4826
4828
4830
4832
4834
4836
4838
4840
4842
4844
4846
4848
4850
4852
4854
4856
4858
4860
4862
4864
4866
4868
4870
4872
4874
4876
4878
4880
4882
4884
4886
4888
4890
4892
4894
4896
4898
4900
4902
4904
4906
4908
4910
4912
4914
4916
4918
4920
4922
4924
4926
4928
4930
4932
4934
4936
4938
4940
4942
4944
4946
4948
4950
4952
4954
4956
4958
4960
4962
4964
4966
4968
4970
4972
4974
4976
4978
4980
4982
4984
4986
4988
4990
4992
4994
4996
4998
5000
5002
5004
5006
5008
5010
5012
5014
5016
5018
5020
5022
5024
5026
5028
5030
5032
5034
5036
5038
5040
5042
5044
5046
5048
5050
5052
5054
5056
5058
5060
5062
5064
5066
5068
5070
5072
5074
5076
5078
5080
5082
5084
5086
5088
5090
5092
5094
5096
5098
5100
5102
5104
5106
5108
5110
5112
5114
5116
5118
5120
5122
5124
5126
5128
5130
5132
5134
5136
5138
5140
5142
5144
5146
5148
5150
5152
5154
5156
5158
5160
5162
5164
5166
5168
5170
5172
5174
5176
5178
5180
5182
5184
5186
5188
5190
5192
5194
5196
5198
5200
5202
5204
5206
5208
5210
5212
5214
5216
5218
5220
5222
5224
5226
5228
5230
5232
5234
5236
5238
5240
5242
5244
5246
5248
5250
5252
5254
5256
5258
5260
5262
5264
5266
5268
5270
5272
5274
5276
5278
5280
5282
5284
5286
5288
5290
5292
5294
5296
5298
5300
5302
5304
5306
5308
5310
5312
5314
5316
5318
5320
5322
5324
5326
5328
5330
5332
5334
5336
5338
5340
5342
5344
5346
5348
5350
5352
5354
5356
5358
5360
5362
5364
5366
5368
5370
5372
5374
5376
5378
5380
5382
5384
5386
5388
5390
5392
5394
5396
5398
5400
5402
5404
5406
5408
5410
5412
5414
5416
5418
5420
5422
5424
5426
5428
5430
5432
5434
5436
5438
5440
5442
5444
5446
5448
5450
5452
5454
5456
5458
5460
5462
5464
5466
5468
5470
5472
5474
5476
5478
5480
5482
5484
5486
5488
5490
5492
5494
5496
5498
5500
5502
5504
5506
5508
5510
5512
5514
5516
5518
5520
5522
5524
5526
5528
5530
5532
5534
5536
5538
5540
5542
5544
5546
5548
5550
5552
5554
5556
5558
5560
5562
5564
5566
5568
5570
5572
5574
5576
5578
5580
5582
5584
5586
5588
5590
5592
5594
5596
5598
5600
5602
5604
5606
5608
5610
5612
5614
5616
5618
5620
5622
5624
5626
5628
5630
5632
5634
5636
5638
5640
5642
5644
5646
5648
5650
5652
5654
5656
5658
5660
5662
5664
5666
5668
5670
5672
5674
5676
5678
5680
5682
5684
5686
5688
5690
5692
5694
5696
5698
5700
5702
5704
5706
5708
5710
5712
5714
5716
5718
5720
5722
5724
5726
5728
5730
5732
5734
5736
5738
5740
5742
5744
5746
5748
5750
5752
5754
5756
5758
5760
5762
5764
5766
5768
5770
5772
5774
5776
5778
5780
5782
5784
5786
5788
5790
5792
5794
5796
5798
5800
5802
5804
5806
5808
5810
5812
5814
5816
5818
5820
5822
5824
5826
5828
5830
5832
5834
5836
5838
5840
5842
5844
5846
5848
5850
5852
5854
5856
5858
5860
5862
5864
5866
5868
5870
5872
5874
5876
5878
5880
5882
5884
5886
5888
5890
5892
5894
5896
5898
5900
5902
5904
5906
5908
5910
5912
5914
5916
5918
5920
5922
5924
5926
5928
5930
5932
5934
5936
5938
5940
5942
5944
5946
5948
5950
5952
5954
5956
5958
5960
5962
5964
5966
5968
5970
5972
5974
5976
5978
5980
5982
5984
5986
5988
5990
5992
5994
5996
5998
6000
6002
6004
6006
6008
6010
6012
6014
6016
6018
6020
6022
6024
6026
6028
6030
6032
6034
6036
6038
6040
6042
6044
6046
6048
6050
6052
6054
6056
6058
6060
6062
6064
6066
6068
6070
6072
6074
6076
6078
6080
6082
6084
6086
6088
6090
6092
6094
6096
6098
6100
6102
6104
6106
6108
6110
6112
6114
6116
6118
6120
6122
6124
6126
6128
6130
6132
6134
6136
6138
6140
6142
6144
6146
6148
6150
6152
6154
6156
6158
6160
6162
6164
6166
6168
6170
6172
6174
6176
6178
6180
6182
6184
6186
6188
6190
6192
6194
6196
6198
6200
6202
6204
6206
6208
6210
6212
6214
6216
6218
6220
6222
6224
6226
6228
6230
6232
6234
6236
6238
6240
6242
6244
6246
6248
6250
6252
6254
6256
6258
6260
6262
6264
6266
6268
6270
6272
6274
6276
6278
6280
6282
6284
6286
6288
6290
6292
6294
6296
6298
6300
6302
6304
6306
6308
6310
6312
6314
6316
6318
6320
6322
6324
6326
6328
6330
6332
6334
6336
6338
6340
6342
6344
6346
6348
6350
6352
6354
6356
6358
6360
6362
6364
6366
6368
6370
6372
6374
6376
6378
6380
6382
6384
6386
6388
6390
6392
6394
6396
6398
6400
6402
6404
6406
6408
6410
6412
6414
6416
6418
6420
6422
6424
6426
6428
6430
6432
6434
6436
6438
6440
6442
6444
6446
6448
6450
6452
6454
6456
6458
6460
6462
6464
6466
6468
6470
6472
6474
6476
6478
6480
6482
6484
6486
6488
6490
6492
6494
6496
6498
6500
6502
6504
6506
6508
6510
6512
6514
6516
6518
6520
6522
6524
6526
6528
6530
6532
6534
6536
6538
6540
6542
6544
6546
6548
6550
6552
6554
6556
6558
6560
6562
6564
6566
6568
6570
6572
6574
6576
6578
6580
6582
6584
6586
6588
6590
6592
6594
6596
6598
6600
6602
6604
6606
6608
6610
6612
6614
6616
6618
6620
6622
6624
6626
6628
6630
6632
6634
6636
6638
6640
6642
6644
6646
6648
6650
6652
6654
6656
6658
6660
6662
6664
6666
6668
6670
6672
6674
6676
6678
6680
6682
6684
6686
6688
6690
6692
6694
6696
6698
6700
6702
6704
6706
6708
6710
6712
6714
6716
6718
6720
6722
6724
6726
6728
6730
6732
6734
6736
6738
6740
6742
6744
6746
6748
6750
6752
6754
6756
6758
6760
6762
6764
6766
6768
6770
6772
6774
6776
6778
6780
6782
6784
6786
6788
6790
6792
6794
6796
6798
6800
6802
6804
6806
6808
6810
6812
6814
6816
6818
6820
6822
6824
6826
6828
6830
6832
6834
6836
6838
6840
6842
6844
6846
6848
6850
6852
6854
6856
6858
6860
6862
6864
6866
6868
6870
6872
6874
6876
6878
6880
6882
6884
6886
6888
6890
6892
6894
6896
6898
6900
6902
6904
6906
6908
6910
6912
6914
6916
6918
6920
6922
6924
6926
6928
6930
6932
6934
6936
6938
6940
6942
6944
6946
6948
6950
6952
6954
6956
6958
6960
6962
6964
6966
6968
6970
6972
6974
6976
6978
6980
6982
6984
6986
6988
6990
6992
6994
6996
6998
7000
7002
7004
7006
7008
7010
7012
7014
7016
7018
7020
7022
7024
7026
7028
7030
7032
7034
7036
7038
7040
7042
7044
7046
7048
7050
7052
7054
7056
7058
7060
7062
7064
7066
7068
7070
7072
7074
7076
7078
7080
7082
7084
7086
7088
7090
7092
7094
7096
7098
7100
7102
7104
7106
7108
7110
7112
7114
7116
7118
7120
7122
7124
7126
7128
7130
7132
7134
7136
7138
7140
7142
7144
7146
7148
7150
7152
7154
7156
7158
7160
7162
7164
7166
7168
7170
7172
7174
7176
7178
7180
7182
7184
7186
7188
7667
7667
7682
7696
7704
7720
7736
7751
7766
7777
7784
7800
7803
7815
7816
7823
7835
7846
7853
7869
7877
7889
7893
7904
7908
7921
7934
7948
7961
7975
7990
7993
8007
8010
8010
8023
8033
8040
8042
8050
8052
8061
8076
8089
8093
8109
8121
8137
8138
8140
8146
8156
8161
8172
8176
8185
8200
8200
8214
8216
8221
8225
8238
8248
8255
8260
8266
8274
8286
8294
8310
8315
8315
8321
8331
8343
8348
8353
8364
8371
8378
8379
8387
8390
8393
8405
8409
8418
8421
8430
8441
8441
8454
8469
8479
8490
8493
8493
8495
8502
8510
8520
8532
8532
8548
8553
8565
8577
8587
8602
8612
8620
8627
8628
8631
8632
8636
8643
8653
8661
8677
8689
8697
8701
8711
8720
8735
8749
8758
8767
8771
8780
8782
8798
8798
8807
8820
8832
8836
8850
8851
8857
8863
8871
8878
8887
8887
8890
8897
8907
8918
8924
8929
8939
8949
8965
8967
8967
8980
8983
8992
9000
9003
9005
9020
9023
9034
9045
9051
9057
9057
9073
9076
9082
9097
9099
9105
9121
9126
9130
9139
9146
9147
9162
9162
9165
9170
9180
9183
9192
9196
9199
9199
9206
9211
9217
9218
9225
9226
9242
9246
9247
9262
9270
9285
9298
9308
9320
9332
9347
9354
9367
9372
9380
9382
9395
9397
9412
9426
9439
9446
9448
9464
9479
9488
9500
9504
9506
9516
9529
9530
9545
9550
9566
9572
9583
9586
9593
9607
9614
9627
9631
9634
9643
9647
9660
9665
9671
9682
9684
9687
9688
9692
9694
9701
9706
9712
9723
9738
9754
9762
9778
9792
9796
9802
9813
9829
9838
9839
9852
9868
9873
9874
9884
9898
9911
9917
9919
9921
9929
9942
9947
9956
9964
9980
9996
10000
10005
10007
10009
10013
10014
10015
10025
10030
10045
10049
10053
10061
10075
10084
10099
10101
10111
10111
10119
10133
10147
10148
10164
10170
10184
10189
10195
10201
10213
10227
10237
10237
10253
10257
10269
10277
10282
10287
10300
10312
10313
10314
10317
10323
10324
10333
10349
10351
10351
10358
10374
10389
10398
10413
10425
10439
10450
10451
10454
10460
10466
10471
10485
10498
10498
10508
10512
10525
10531
10532
10540
10555
10565
10567
10579
10590
10602
10614
10627
10639
10649
10661
10662
10664
10665
10678
10678
10691
10697
10708
10710
10722
10729
10737
10746
10753
10762
10775
10779
10785
10799
10802
10807
10822
10828
10828
10837
10846
10849
10862
10866
10880
10896
10910
10917
10918
10928
10943
10957
10964
10974
10981
10984
10992
11007
11010
11017
11032
11048
11050
11055
11060
11065
11075
11086
11097
11098
11110
11113
11126
11134
11150
11151
11159
11163
11171
11180
11194
11201
11215
11228
11236
11248
11264
11271
11282
11292
11306
11306
11306
11313
11318
11331
11344
11350
11358
11373
11389
11392
11402
11414
11425
11425
11438
11448
11452
11464
11466
11475
11477
11484
11489
11490
11493
11505
11514
11519
11524
11538
11543
11557
11562
11573
11583
11584
11584
11585
11592
11599
11611
11619
11621
11628
11636
11642
11650
11662
11664
11666
11679
11691
11700
11701
11715
11727
11732
11746
11754
11755
11766
11780
11795
11811
11827
11836
11844
11860
11861
11877
11884
11898
11905
11905
11917
11924
11931
11934
11944
11944
11949
11955
11967
11973
11989
11989
11990
12002
12016
12026
12039
12048
12063
12066
12082
12096
12099
12107
12111
12115
12130
12132
12141
12154
12157
12169
12172
12173
12189
12194
12203
12215
12226
12230
12231
12232
12245
12256
12269
12279
12291
12292
12302
12312
12316
12317
12324
12331
12340
12351
12353
12368
12382
12394
12405
12413
12428
12434
12434
12448
12459
12468
12478
12491
12504
12506
12521
12521
12534
12536
12538
12546
12549
12561
12562
12569
12573
12589
12594
12607
12609
12625
12636
12643
12645
12659
12674
12674
12677
12692
12707
12712
12719
12735
12736
12747
12748
12755
12767
12773
12774
12788
12802
12806
12806
12813
12816
12821
12827
12843
12852
12860
12875
12887
12902
12902
12902
12906
12907
12910
12912
12919
12935
12935
12941
12949
12961
12976
12983
12998
13010
13018
13021
13031
13043
13054
13054
13060
13067
13081
13087
13087
13093
13105
13108
13120
13133
13136
13136
13150
13164
13174
13186
13199
13210
13219
13231
13245
13260
13262
13274
13285
13295
13310
13314
13328
13328
13340
13351
13359
13368
13368
13376
13382
13386
13388
13398
13398
13403
13404
13409
13411
13422
13422
13428
13441
13450
13451
13461
13476
13488
13501
13510
13523
13525
13529
13539
13542
13558
13563
13574
13574
13587
13597
13611
13611
13623
13630
13638
13638
13654
13667
13677
13688
13692
13699
13714
13718
13734
13743
13746
13757
13762
13774
13782
13798
13798
13807
13809
13816
13821
13834
13849
13859
13873
13886
13887
13896
13907
13917
13917
13919
13933
13934
13947
13957
13965
13976
13990
13997
14008
14016
14026
14034
14046
14047
14054
14057
14067
14076
14086
14102
14115
14115
14115
14125
14138
14139
14149
14164
14175
14185
14185
14194
14205
14209
14219
14229
14236
14243
14243
14244
14260
14270
14270
14281
14283
14290
14304
14308
14315
14330
14333
14336
14351
14354
14358
14360
14372
14386
14395
14402
14409
14409
14416
14425
14430
14430
14440
14443
14458
14469
14481
14495
14507
14520
14536
14542
14553
14557
14567
14569
14580
14584
14597
14606
14621
14622
14625
14635
14641
14653
14661
14666
14669
14684
14698
14714
14720
14728
14730
14735
14745
14760
14770
14783
14785
14786
14788
14792
14797
14800
14806
14822
14829
14840
14840
14845
14848
14859
14866
14875
14889
14904
14918
14918
14932
14935
14935
14946
14948
14950
14966
14969
14977
14987
15003
15004
15006
15016
15022
15029
15042
15045
15060
15072
15086
15092
15100
15108
15108
15123
15124
15138
15143
15149
15163
15173
15182
15187
15191
15193
15209
15213
15218
15233
15238
15251
15251
15258
15264
15278
15283
15293
15293
15304
15317
15323
15323
15336
15350
15358
15369
15375
15380
15396
15409
15420
15420
15433
15449
15454
15461
15476
15476
15488
15502
15507
15515
15520
15523
15528
15530
15546
15553
15563
15574
15585
15592
15603
15610
15615
15618
15628
15630
15646
15646
15652
15653
15654
15665
15666
15672
15673
15680
15686
15699
15711
15713
15726
15734
15747
15756
15766
15778
15794
15806
15812
15814
15816
15817
15826
15841
15853
15855
15856
15858
15861
15876
15880
15884
15893
15906
15907
15908
15919
15926
15941
15948
15948
15950
15956
15969
15980
15988
15996
15998
16001
16016
16028
16033
16040
16044
16056
16066
16073
16086
16098
16099
16110
16126
16139
16151
16154
16168
16181
16196
16200
16202
16215
16219
16231
16233
16241
16256
16266
16282
16290
16303
16317
16320
16330
16334
16341
16346
16351
16356
16365
16366
16380
16391
16399
16409
16415
16427
16434
16445
16455
16457
16470
16476
16490
16490
16506
16511
16526
16536
16541
16547
16561
16571
16580
16587
16593
16600
16603
16614
16618
16630
16642
16643
16650
16654
16666
16670
16677
16687
16702
16702
16715
16718
16732
16742
16745
16758
16774
16775
16781
16793
16808
16812
16817
16832
16834
16845
16850
16856
16862
16862
16871
16880
16882
16898
16902
16907
16919
16930
16936
16937
16948
16950
16954
16962
16966
16981
16994
16997
17004
17006
17012
17017
17031
17042
17045
17053
17067
17067
17081
17092
17092
17098
17101
17111
17125
17133
17148
17148
17150
17155
17156
17170
17185
17199
17212
17214
17226
17235
17248
17259
17262
17264
17271
17279
17284
17286
17302
17304
17306
17310
17323
17333
17335
17342
17346
17353
17368
17378
17385
17386
17392
17400
17406
17411
17424
17434
17449
17458
17469
17481
17492
17497
17502
17503
17516
17517
17528
17541
17544
17548
17548
17555
17570
17580
17595
17605
17605
17618
17621
17628
17633
17634
17641
17643
17657
17660
17673
17685
17688
17703
17718
17732
17735
17747
17754
17770
17783
17784
17787
17795
17801
17813
17828
17832
17837
17841
17846
17852
17853
17861
17874
17888
17888
17891
17891
17905
17912
17916
17926
17936
17938
17954
17970
17975
17986
17992
17996
18012
18027
18043
18050
18054
18065
18070
18086
18102
18112
18116
18129
18131
18135
18145
18152
18156
18160
18167
18177
18179
18190
18193
18197
18201
18211
18214
18223
18236
18236
18241
18253
18268
18272
18274
18285
18300
18307
18308
18313
18321
18327
18329
18330
18331
18334
18343
18356
18371
18378
18384
18385
18395
18395
18408
18422
18433
18440
18455
18462
18469
18472
18474
18487
18502
18514
18521
18534
18544
18553
18562
18564
18570
18572
18583
18598
18603
18606
18617
18621
18623
18624
18637
18649
18658
18667
18676
18679
18695
18702
18703
18717
18718
18729
18739
18755
18769
18778
18781
18789
18798
18811
18812
18827
18833
18845
18858
18870
18877
18892
18899
18908
18915
18926
18930
18930
18933
18937
18948
18958
18961
18974
18989
18993
19008
19016
19020
19033
19041
19048
19060
19060
19071
19084
19090
19091
19099
19109
19113
19119
19128
19130
19145
19161
19174
19184
19200
19207
19222
19233
19233
19234
19249
19255
19268
19272
19286
19286
19294
19308
19324
19327
19341
19342
19349
19361
19363
19370
19375
19389
19402
19407
19423
19426
19431
19443
19456
19468
19478
19480
19494
19495
19506
19509
19516
19524
19540
19545
19561
19568
19578
19593
19595
19602
19602
19611
19613
19623
19639
19655
19671
19675
19679
19694
19701
19701
19703
19714
19718
19730
19744
19753
19767
19783
19796
19800
19807
19810
19810
19825
19826
19836
19840
19843
19852
19864
19868
19870
19876
19887
19888
